#Observed stellar masses in Msun
#Average Infall SSFRs in yr^-1.
#MW Mass Range: 10^11.75 - 10^12.25 Msun.
#Group Mass Range: 10^12.75 - 10^13.25 Msun.
#Cluster Mass Range: 10^13.75 - 10^14.25 Msun.
#Err+ and Err- are errors over all MCMC points.
#+1 and -1 sigma are the 84th and 16th percentile ranges for galaxies in a single model.
#All satellites selected at a=0.202435.
#Quenched threshold: observed SSFR < 1e-11/yr
#Bestfit_X_Counts is the number of galaxies in the bin for the bestfit model.
#SM Median_Infall_SSFRs(MW) Err+ Err- +1_sigma_Infall_SSFRs(MW) Err+ Err- -1_sigma_Infall_SSFRs(MW) Err+ Err- Median_Infall_SSFRs(GR) Err+ Err- +1_sigma_Infall_SSFRs(GR) Err+ Err- -1_sigma_Infall_SSFRs(GR) Err+ Err- Median_Infall_SSFRs(CL) Err+ Err- +1_sigma_Infall_SSFRs(CL) Err+ Err- -1_sigma_Infall_SSFRs(CL) Err+ Err- SM_Left SM_Right Bestfit_Galaxy_Counts Bestfit_Sats_MW_Counts Bestfit_Sats_GR_Counts Bestfit_Sats_Cluster_Counts
7.3 -8.73119 0.0782852 0.0855484 -8.13132 0.0679474 0.0702162 -9.20405 0.0947647 0.118423 -8.71786 0.0891075 0.116758 -8.10749 0.0758715 0.0860062 -9.22309 0.103477 0.137077 -14 0 0 -14 0 0 -14 0 0 7.2 7.4 579220 11368 476 0
7.5 -8.68849 0.0743618 0.0919733 -8.0707 0.0680437 0.0732126 -9.16142 0.0867138 0.127551 -8.66522 0.0640812 0.0960321 -8.02713 0.0683088 0.076252 -9.17824 0.106963 0.129913 -14 0 0 -14 0 0 -14 0 0 7.4 7.6 452217 11105 522 0
7.7 -8.63504 0.0646219 0.0856085 -8.01122 0.0577021 0.0674562 -9.12515 0.0779877 0.118002 -8.65417 0.055254 0.0756407 -7.97965 0.063302 0.054183 -9.09932 0.0707178 0.159357 -14 0 0 -14 0 0 -14 0 0 7.6 7.8 342444 10860 496 0
7.9 -8.60707 0.0621014 0.0720825 -7.99781 0.0423417 0.0548911 -9.09081 0.0722151 0.112228 -8.60833 0.0700979 0.0916662 -7.90619 0.0795565 0.0911107 -9.06657 0.0752659 0.0892334 -14 0 0 -14 0 0 -14 0 0 7.8 8 251766 10111 501 0
8.1 -8.59004 0.0554018 0.0673666 -8.01192 0.0425396 0.0443592 -9.05858 0.0635014 0.0987749 -8.54 0.054286 0.063571 -7.87817 0.0354457 0.0367107 -9.03562 0.0644169 0.101918 -14 0 0 -14 0 0 -14 0 0 8 8.2 181753 8789 408 0
8.3 -8.58279 0.054698 0.0585032 -8.02215 0.0375948 0.0430794 -9.04391 0.0582104 0.0849524 -8.5625 0.0548077 0.0660715 -7.84468 0.0469966 0.0544209 -9.06186 0.0645247 0.0854244 -14 0 0 -14 0 0 -14 0 0 8.2 8.4 128181 7225 344 0
8.5 -8.57232 0.0480995 0.0547552 -8.03773 0.0379553 0.0407982 -9.02907 0.0578403 0.0671349 -8.5125 0.0649996 0.0806818 -7.88594 0.0507812 0.0586557 -9.04117 0.0772791 0.0936832 -14 0 0 -14 0 0 -14 0 0 8.4 8.6 89517 5952 283 0
8.7 -8.57716 0.0467443 0.0431213 -8.05649 0.0346451 0.0337601 -9.02137 0.0487556 0.0630713 -8.44 0.0450001 0.0546427 -7.96166 0.0502372 0.0495906 -8.97048 0.0598097 0.069766 -14 0 0 -14 0 0 -14 0 0 8.6 8.8 62165 4697 231 0
8.9 -8.56257 0.0411177 0.0436087 -8.04767 0.0357599 0.039917 -9.01079 0.0537176 0.0578785 -8.54167 0.0566673 0.0683327 -7.99051 0.0435624 0.0387602 -8.97133 0.0477324 0.0677376 -14 0 0 -14 0 0 -14 0 0 8.8 9 42786 3604 188 0
9.1 -8.56229 0.0397949 0.0357485 -8.0588 0.0286579 0.0298309 -9.01424 0.0498171 0.0493784 -8.53182 0.0484848 0.0556812 -7.95361 0.0789847 0.0545187 -9.03242 0.059226 0.0691395 -14 0 0 -14 0 0 -14 0 0 9 9.2 29079 2581 151 0
9.3 -8.5253 0.0391941 0.0464487 -8.0367 0.0300713 0.0393658 -8.98068 0.0515509 0.0520945 -8.50278 0.044445 0.0513887 -7.9973 0.0470476 0.0579948 -8.94106 0.0813627 0.104614 -14 0 0 -14 0 0 -14 0 0 9.2 9.4 19825 1792 129 0
9.5 -8.5117 0.0383148 0.0298367 -8.01718 0.0287743 0.0341606 -8.9788 0.0444679 0.0549374 -8.475 0.0500002 0.0699997 -7.88009 0.0701518 0.0834942 -8.87437 0.0591516 0.103989 -14 0 0 -14 0 0 -14 0 0 9.4 9.6 13091 1111 108 0
9.7 -8.47788 0.0348282 0.0387821 -7.97628 0.0295272 0.0290875 -8.9578 0.0421572 0.0512819 -8.425 0.04 0.0583334 -7.88318 0.0600166 0.0387611 -8.93404 0.0619917 0.0806189 -14 0 0 -14 0 0 -14 0 0 9.6 9.8 8828 592 85 0
9.9 -8.44286 0.0386896 0.0428572 -7.95292 0.0436344 0.0397091 -8.90523 0.0497265 0.0657721 -8.4 0.041666 0.125 -7.90547 0.0653729 0.0629606 -8.9305 0.0505199 0.0809584 -14 0 0 -14 0 0 -14 0 0 9.8 10 5753 318 87 0
10.1 -8.42917 0.0322914 0.0395832 -8.03934 0.0511112 0.0373392 -8.86073 0.0675869 0.054409 -8.59167 0.063096 0.0958328 -8.05946 0.0515623 0.0544882 -9.04892 0.0726357 0.131612 -14 0 0 -14 0 0 -14 0 0 10 10.2 3683 137 70 0
10.3 -8.3875 0.0958328 0.0474997 -7.93918 0.103527 0.070272 -8.85805 0.0616579 0.0512009 -8.375 0.1125 0.1 -7.90349 0.0511627 0.0461936 -8.82956 0.0659828 0.177828 -14 0 0 -14 0 0 -14 0 0 10.2 10.4 2346 61 44 0
10.5 -8.15 0.0499992 0.125 -7.73005 0.145193 0.188941 -8.69687 0.113102 0.0686302 -8.4 0.0499992 0.0400009 -7.86971 0.0841346 0.1 -8.73269 0.104445 0.169353 -14 0 0 -14 0 0 -14 0 0 10.4 10.6 1443 20 36 0
10.7 -8.4 0.2 0.0750008 -7.53966 0.392067 0.615865 -9.4524 0.868269 0.207933 -8.5 0.0625 0.15 -8.19916 0.0841351 0.0570927 -8.95998 0.066227 0.157571 -14 0 0 -14 0 0 -14 0 0 10.6 10.8 772 8 27 0
10.9 -8.175 0.0500002 0.0999994 -8.15793 0.0499992 0.1 -8.19207 0.0500002 0.1 -8.475 0.0750008 0.2 -7.96899 0.221395 0.155169 -8.88101 0.0762014 0.123798 -14 0 0 -14 0 0 -14 0 0 10.8 11 498 1 18 0
11.1 -14 0 0 -14 0 0 -14 0 0 -8.425 0.325 0.125 -8.0976 0.257934 0.0920668 -8.89447 0.368269 0.265866 -14 0 0 -14 0 0 -14 0 0 11 11.2 225 0 4 0
11.3 -14 0 0 -14 0 0 -14 0 0 -8.05 0.1 0.125 -7.7976 0.0579333 0.115865 -8.54447 0.1 0.135697 -14 0 0 -14 0 0 -14 0 0 11.2 11.4 93 0 8 0
11.5 -14 0 0 -14 0 0 -14 0 0 -8.025 0.4 5.975 -7.90793 0.342067 6.09207 -8.29207 0.65 5.70793 -14 0 0 -14 0 0 -14 0 0 11.4 11.6 31 0 1 0
11.7 -14 0 0 -14 0 0 -14 0 0 -14 5.875 0 -14 5.89207 0 -14 5.85793 0 -14 0 0 -14 0 0 -14 0 0 11.6 11.8 7 0 0 0
11.9 -14 0 0 -14 0 0 -14 0 0 -14 5.825 0 -14 5.84207 0 -14 5.80793 0 -14 0 0 -14 0 0 -14 0 0 11.8 12 2 0 0 0
12.1 -14 0 0 -14 0 0 -14 0 0 -14 0 0 -14 0 0 -14 0 0 -14 0 0 -14 0 0 -14 0 0 12 12.2 0 0 0 0
12.3 -14 0 0 -14 0 0 -14 0 0 -14 0 0 -14 0 0 -14 0 0 -14 0 0 -14 0 0 -14 0 0 12.2 12.4 0 0 0 0
12.5 -14 0 0 -14 0 0 -14 0 0 -14 0 0 -14 0 0 -14 0 0 -14 0 0 -14 0 0 -14 0 0 12.4 12.6 0 0 0 0
12.7 -14 0 0 -14 0 0 -14 0 0 -14 0 0 -14 0 0 -14 0 0 -14 0 0 -14 0 0 -14 0 0 12.6 12.8 0 0 0 0
12.9 -14 0 0 -14 0 0 -14 0 0 -14 0 0 -14 0 0 -14 0 0 -14 0 0 -14 0 0 -14 0 0 12.8 13 0 0 0 0
13.1 -14 0 0 -14 0 0 -14 0 0 -14 0 0 -14 0 0 -14 0 0 -14 0 0 -14 0 0 -14 0 0 13 13.2 0 0 0 0
