#Observed stellar mass range: 7.8 < log10(M*/Msun) < 8
#Quenched threshold: Obs. SFR / Obs. SM < 1e-11 / yr
#SFHs in units of observed Msun/yr.
#True SFHs rescaled by average systematic offset of -0.0163959 dex to be consistent with average observed stellar mass in bin.
#See documentation for explanation of true vs. observed SFRs and SMs.
#Bestfit galaxies in bin: 304165
#Bestfit SF galaxies in bin: 304071
#Bestfit Q galaxies in bin: 94
#Bestfit central galaxies in bin: 215731
#Bestfit satellite galaxies in bin: 88434
#Avg_scale_factor <SFH_all> Err+ Err- <SFH_SF> Err+ Err- <SFH_Q> Err+ Err- <SFH_Cen> Err+ Err- <SFH_Sat> Err+ Err- Scale_factor_begin Scale_factor_end
0.028936 3.36379e-11 1.20073e-08 3.36379e-11 3.36483e-11 1.20157e-08 3.36483e-11 0 0 0 0 0 0 1.15696e-10 3.3352e-08 1.15696e-10 0.000000 0.057873
0.059561 7.47529e-07 6.00304e-07 7.45154e-07 7.4776e-07 5.84467e-07 7.45384e-07 0 0 0 0 1.98251e-08 0 2.57109e-06 1.36575e-06 2.56432e-06 0.057873 0.061248
0.062373 2.49183e-06 4.59162e-06 2.41448e-06 2.4926e-06 4.43336e-06 2.41521e-06 0 0 0 0 2.4142e-07 0 8.57054e-06 8.44145e-06 8.36952e-06 0.061248 0.063498
0.064623 7.06822e-06 1.17966e-05 6.17591e-06 7.0704e-06 1.0485e-05 6.17757e-06 0 0 0 2.16412e-06 2.85206e-06 2.06181e-06 1.90316e-05 2.78795e-05 1.69315e-05 0.063498 0.065748
0.066873 1.6442e-05 2.66349e-05 1.24719e-05 1.64471e-05 2.17736e-05 1.24768e-05 0 1.32973e-05 0 6.85753e-06 4.97131e-06 6.12834e-06 3.9823e-05 6.37886e-05 2.9828e-05 0.065748 0.067998
0.069123 3.8746e-05 5.97844e-05 2.62457e-05 3.87579e-05 5.35114e-05 2.6271e-05 0 7.40708e-05 0 1.26647e-05 1.3541e-05 9.41869e-06 0.00010237 0.000138377 7.0938e-05 0.067998 0.070248
0.071373 0.000102281 0.000110416 6.86079e-05 0.000102312 0.000104558 6.86321e-05 0 0.000273405 0 4.31413e-05 2.80119e-05 3.16103e-05 0.000246549 0.000248592 0.000164826 0.070248 0.072498
0.073623 0.000195982 0.000231028 0.000117168 0.000196042 0.000209658 0.000117223 0 0.000613339 0 9.15612e-05 6.4797e-05 6.18573e-05 0.000450711 0.000528921 0.000264888 0.072498 0.074748
0.075873 0.000331832 0.000448085 0.000185034 0.000331935 0.000395961 0.000185057 0 0.00129376 0 0.000166539 0.000147208 0.000104934 0.000735058 0.0010238 0.000387585 0.074748 0.076998
0.078123 0.000573521 0.00071916 0.000298073 0.000573672 0.000705715 0.000298092 8.43934e-05 0.00191232 8.43934e-05 0.000321434 0.000278437 0.000199198 0.00118848 0.00155619 0.000592946 0.076998 0.079248
0.080373 0.000947459 0.00112807 0.000473534 0.000947662 0.00104802 0.000473662 0.000290906 0.00222198 0.000290906 0.000575404 0.000475573 0.000335235 0.00185507 0.00238203 0.000892318 0.079248 0.081498
0.082904 0.00145998 0.00163089 0.000680975 0.00145995 0.00149822 0.000680254 0.00155419 0.00380423 0.00155419 0.000917868 0.000762432 0.000497234 0.00278242 0.00321611 0.00123973 0.081498 0.084311
0.085998 0.00273402 0.00268697 0.00114074 0.0027325 0.00268922 0.00114087 0.00767467 0.00543771 0.00767467 0.00184781 0.001404 0.000875718 0.0048959 0.00513327 0.00189846 0.084311 0.087685
0.089373 0.00452808 0.00415929 0.00171257 0.00452792 0.00408391 0.00171168 0.00504389 0.00715901 0.00504389 0.0031773 0.00218917 0.00139929 0.00782323 0.00714775 0.00285557 0.087685 0.091061
0.092748 0.00689433 0.00581368 0.00245219 0.00689436 0.00581223 0.00249495 0.00679473 0.0105295 0.00679473 0.00516614 0.00341343 0.00225736 0.0111101 0.00954311 0.00368072 0.091061 0.094435
0.096123 0.00997984 0.00739677 0.00350744 0.00997891 0.00730873 0.003558 0.0130037 0.00960879 0.0129497 0.00768246 0.00484819 0.00310217 0.0155842 0.0124699 0.00473328 0.094435 0.097811
0.099498 0.0135996 0.00965727 0.00428641 0.0135982 0.00955162 0.0044968 0.0182951 0.0102511 0.0181487 0.0107471 0.00664127 0.00402404 0.0205583 0.0148555 0.00594844 0.097811 0.101186
0.102873 0.0174306 0.0120328 0.00521526 0.0174276 0.0117436 0.00570915 0.0270968 0.0162759 0.0267016 0.0142307 0.00834409 0.00514481 0.0252368 0.0172268 0.00667474 0.101186 0.104560
0.106248 0.0215956 0.0135491 0.006404 0.0215945 0.0127812 0.00662342 0.025105 0.0179045 0.0247849 0.0179493 0.0104308 0.0063683 0.0304908 0.0186738 0.00745657 0.104560 0.107936
0.109623 0.0258434 0.0150492 0.00699822 0.0258434 0.0145149 0.00700987 0.0258133 0.0189221 0.0254174 0.0218037 0.0120128 0.00700363 0.035698 0.0203458 0.00822515 0.107936 0.111310
0.112998 0.0295185 0.0165091 0.00728318 0.0295178 0.0160073 0.00728798 0.0318015 0.0180841 0.0313411 0.0252576 0.012343 0.00739508 0.0399129 0.0224735 0.00770887 0.111310 0.114686
0.116373 0.0329314 0.0172352 0.00697744 0.032931 0.0166287 0.00697242 0.0342084 0.0184962 0.0338558 0.0282487 0.0134044 0.00733074 0.0443547 0.0232891 0.0071218 0.114686 0.118060
0.119748 0.036214 0.0170001 0.00663012 0.0362139 0.0165682 0.00686121 0.0366752 0.0208104 0.036516 0.0310637 0.0136683 0.00729199 0.0487781 0.0226181 0.00653481 0.118060 0.121435
0.123123 0.0393915 0.0169011 0.00650353 0.0393927 0.0169203 0.00731246 0.0355641 0.0276643 0.0352135 0.0340152 0.0138905 0.00671161 0.0525066 0.0234472 0.0063018 0.121435 0.124811
0.126498 0.0427428 0.0179775 0.00594558 0.0427447 0.017998 0.00763913 0.0365263 0.0310568 0.0361262 0.0372071 0.0138359 0.00692476 0.0562471 0.0233168 0.00610803 0.124811 0.128185
0.129873 0.0459581 0.0180264 0.00648205 0.0459598 0.0180304 0.00684021 0.0402128 0.0291678 0.0398834 0.0403801 0.0139388 0.00733927 0.0595653 0.0226332 0.00669013 0.128185 0.131561
0.133248 0.0490217 0.0173999 0.00568277 0.0490218 0.0174234 0.00626898 0.0487811 0.0273577 0.0483015 0.0434206 0.0140046 0.00670057 0.0626854 0.0221458 0.00592355 0.131561 0.134935
0.137045 0.0517334 0.0172075 0.00489702 0.0517332 0.0172212 0.0059688 0.0524302 0.0262557 0.0516396 0.0462029 0.0134096 0.00636977 0.0652247 0.0221549 0.00388788 0.134935 0.139154
0.141685 0.0557138 0.0161781 0.00532579 0.0557141 0.0161962 0.00554041 0.0549756 0.0276391 0.0537384 0.0502417 0.0134326 0.00548182 0.069063 0.0189059 0.0054609 0.139154 0.144217
0.146748 0.0591229 0.0154826 0.00486291 0.0591173 0.0154966 0.00532711 0.0770477 0.0147801 0.0757952 0.0539094 0.0130559 0.00530481 0.0718409 0.0182928 0.00540872 0.144217 0.149279
0.151810 0.0616977 0.0141724 0.00555162 0.0616892 0.0142343 0.00587554 0.0890532 0.0103087 0.0881438 0.056753 0.0121355 0.00594359 0.0737601 0.0159983 0.00629474 0.149279 0.154342
0.156873 0.064009 0.013262 0.00645048 0.0640042 0.0132858 0.00677121 0.0794858 0.016738 0.0783509 0.0594559 0.0109791 0.00627498 0.0751159 0.0151844 0.00754625 0.154342 0.159404
0.161935 0.0654049 0.0122042 0.0073192 0.0653997 0.0122674 0.00738576 0.0819536 0.0219147 0.0794414 0.0613013 0.0107075 0.00675008 0.0754154 0.0147869 0.00851407 0.159404 0.164467
0.166998 0.0666016 0.0119374 0.00800868 0.0665957 0.0114822 0.0080274 0.085735 0.0186703 0.0834691 0.0629978 0.0103339 0.00756162 0.0753929 0.0126026 0.00903681 0.164467 0.169529
0.172060 0.0668561 0.0109514 0.00833817 0.0668463 0.010427 0.00853067 0.0985363 0.00610306 0.0969134 0.0637488 0.00974773 0.00798811 0.0744362 0.0115797 0.0100514 0.169529 0.174591
0.177123 0.0677463 0.00986048 0.00904952 0.0677344 0.0095553 0.00936313 0.106317 -0.00178315 0.105048 0.0652054 0.00932951 0.00863529 0.0739448 0.010576 0.0108694 0.174591 0.179654
0.182185 0.0685664 0.00919998 0.00959326 0.0685529 0.00902276 0.00974993 0.112151 -0.00464621 0.111391 0.0665883 0.00955691 0.0091122 0.0733916 0.00927824 0.0114437 0.179654 0.184716
0.187248 0.0687315 0.00883806 0.0100359 0.0687143 0.00848157 0.0103845 0.124311 -0.00794106 0.12372 0.0673079 0.00919819 0.00929243 0.0722043 0.00906096 0.0123705 0.184716 0.189779
0.192310 0.0690525 0.00876743 0.0106844 0.0690332 0.00846641 0.0106619 0.131374 -0.0144653 0.130923 0.0682918 0.00916075 0.00966247 0.0709082 0.00773171 0.0128153 0.189779 0.194842
0.197373 0.0694322 0.00810532 0.0115343 0.0694194 0.00815801 0.0114903 0.110928 -0.00385993 0.110581 0.0693727 0.00876335 0.0109284 0.0695775 0.00668461 0.0134439 0.194842 0.199904
0.202435 0.069528 0.00764633 0.0125878 0.0695127 0.00766498 0.012545 0.119158 -0.0100287 0.118793 0.0700325 0.0080866 0.0119247 0.0682975 0.00573704 0.0141713 0.199904 0.204967
0.207498 0.069606 0.00763507 0.0141426 0.0695868 0.00766362 0.0141172 0.131626 -0.0172192 0.131182 0.0708848 0.00842988 0.0133147 0.0664863 0.00491111 0.0147375 0.204967 0.210029
0.212560 0.0699285 0.00674144 0.0150838 0.0699053 0.00677324 0.0150037 0.144941 -0.0316752 0.144368 0.0718462 0.00856226 0.0147185 0.0652505 0.00429774 0.0155935 0.210029 0.215091
0.217623 0.070321 0.00621861 0.0164857 0.0702981 0.0062533 0.0164514 0.144186 -0.0310559 0.143103 0.0728768 0.00796558 0.0158712 0.0640859 0.00473135 0.0164114 0.215091 0.220154
0.222685 0.0706008 0.00670951 0.0170754 0.0705821 0.00675277 0.0170463 0.13094 -0.0196086 0.128837 0.0736997 0.00785497 0.0166585 0.0630411 0.0048704 0.01695 0.220154 0.225217
0.227748 0.0713194 0.00680756 0.0179721 0.0713102 0.00696503 0.0179536 0.10117 -0.00330952 0.100018 0.0751516 0.00787112 0.0181415 0.0619709 0.00480135 0.0175377 0.225217 0.230279
0.232810 0.0722105 0.00684238 0.0190931 0.0722022 0.00795094 0.0190648 0.0988964 -0.0105094 0.0987011 0.0765968 0.00854787 0.0192377 0.0615102 0.00400737 0.0181146 0.230279 0.235342
0.237873 0.0732088 0.00723332 0.0200273 0.073207 0.00946255 0.0200151 0.0789314 -0.00874824 0.0788365 0.0783601 0.009286 0.0204837 0.0606425 0.00431186 0.0187087 0.235342 0.240404
0.242935 0.074417 0.00766833 0.0213361 0.0744213 0.0101359 0.0213353 0.0607305 -0.00939572 0.0606776 0.0801697 0.0100123 0.0215824 0.0603837 0.00349241 0.0198335 0.240404 0.245467
0.247998 0.0764533 0.00775199 0.0228317 0.0764637 0.0108648 0.0228367 0.0429199 -0.0074169 0.0428899 0.0831878 0.0108079 0.0229492 0.0600249 0.00319311 0.0203044 0.245467 0.250529
0.253060 0.0790223 0.00883487 0.0241016 0.0790387 0.0110047 0.0241086 0.0259089 -0.0051943 0.0258949 0.0868352 0.0126201 0.0243653 0.059963 0.0036225 0.0209327 0.250529 0.255592
0.258123 0.0831182 0.0102145 0.0259683 0.0831438 0.010747 0.0259411 0.000164063 2.982e-05 0.000155243 0.0925524 0.0144503 0.0265029 0.0601037 0.00384827 0.0214974 0.255592 0.260654
0.263185 0 0 0 0 0 0 0 0 0 0 0 0 0 0 0 0.260654 0.265716
0.268248 0 0 0 0 0 0 0 0 0 0 0 0 0 0 0 0.265716 0.270779
0.273310 0 0 0 0 0 0 0 0 0 0 0 0 0 0 0 0.270779 0.275842
0.278373 0 0 0 0 0 0 0 0 0 0 0 0 0 0 0 0.275842 0.280904
0.283435 0 0 0 0 0 0 0 0 0 0 0 0 0 0 0 0.280904 0.285967
0.288498 0 0 0 0 0 0 0 0 0 0 0 0 0 0 0 0.285967 0.291029
0.293560 0 0 0 0 0 0 0 0 0 0 0 0 0 0 0 0.291029 0.296091
0.298623 0 0 0 0 0 0 0 0 0 0 0 0 0 0 0 0.296091 0.301154
0.303685 0 0 0 0 0 0 0 0 0 0 0 0 0 0 0 0.301154 0.306217
0.308748 0 0 0 0 0 0 0 0 0 0 0 0 0 0 0 0.306217 0.311279
0.313810 0 0 0 0 0 0 0 0 0 0 0 0 0 0 0 0.311279 0.316341
0.318873 0 0 0 0 0 0 0 0 0 0 0 0 0 0 0 0.316341 0.321404
0.323935 0 0 0 0 0 0 0 0 0 0 0 0 0 0 0 0.321404 0.326466
0.328997 0 0 0 0 0 0 0 0 0 0 0 0 0 0 0 0.326466 0.331528
0.334060 0 0 0 0 0 0 0 0 0 0 0 0 0 0 0 0.331528 0.336591
0.339122 0 0 0 0 0 0 0 0 0 0 0 0 0 0 0 0.336591 0.341653
0.344185 0 0 0 0 0 0 0 0 0 0 0 0 0 0 0 0.341653 0.346716
0.349247 0 0 0 0 0 0 0 0 0 0 0 0 0 0 0 0.346716 0.351779
0.354310 0 0 0 0 0 0 0 0 0 0 0 0 0 0 0 0.351779 0.356841
0.359372 0 0 0 0 0 0 0 0 0 0 0 0 0 0 0 0.356841 0.361903
0.364435 0 0 0 0 0 0 0 0 0 0 0 0 0 0 0 0.361903 0.366966
0.369497 0 0 0 0 0 0 0 0 0 0 0 0 0 0 0 0.366966 0.372028
0.374560 0 0 0 0 0 0 0 0 0 0 0 0 0 0 0 0.372028 0.377091
0.379622 0 0 0 0 0 0 0 0 0 0 0 0 0 0 0 0.377091 0.382154
0.384685 0 0 0 0 0 0 0 0 0 0 0 0 0 0 0 0.382154 0.387216
0.389747 0 0 0 0 0 0 0 0 0 0 0 0 0 0 0 0.387216 0.392278
0.394810 0 0 0 0 0 0 0 0 0 0 0 0 0 0 0 0.392278 0.397341
0.399872 0 0 0 0 0 0 0 0 0 0 0 0 0 0 0 0.397341 0.402404
0.404935 0 0 0 0 0 0 0 0 0 0 0 0 0 0 0 0.402404 0.407466
0.409997 0 0 0 0 0 0 0 0 0 0 0 0 0 0 0 0.407466 0.412529
0.415060 0 0 0 0 0 0 0 0 0 0 0 0 0 0 0 0.412529 0.417591
0.420122 0 0 0 0 0 0 0 0 0 0 0 0 0 0 0 0.417591 0.422653
0.425185 0 0 0 0 0 0 0 0 0 0 0 0 0 0 0 0.422653 0.427716
0.430247 0 0 0 0 0 0 0 0 0 0 0 0 0 0 0 0.427716 0.432779
0.435310 0 0 0 0 0 0 0 0 0 0 0 0 0 0 0 0.432779 0.437841
0.440372 0 0 0 0 0 0 0 0 0 0 0 0 0 0 0 0.437841 0.442903
0.445435 0 0 0 0 0 0 0 0 0 0 0 0 0 0 0 0.442903 0.447966
0.450497 0 0 0 0 0 0 0 0 0 0 0 0 0 0 0 0.447966 0.453029
0.455560 0 0 0 0 0 0 0 0 0 0 0 0 0 0 0 0.453029 0.458091
0.460622 0 0 0 0 0 0 0 0 0 0 0 0 0 0 0 0.458091 0.463154
0.465685 0 0 0 0 0 0 0 0 0 0 0 0 0 0 0 0.463154 0.468216
0.470747 0 0 0 0 0 0 0 0 0 0 0 0 0 0 0 0.468216 0.473278
0.475810 0 0 0 0 0 0 0 0 0 0 0 0 0 0 0 0.473278 0.478341
0.480872 0 0 0 0 0 0 0 0 0 0 0 0 0 0 0 0.478341 0.483404
0.485935 0 0 0 0 0 0 0 0 0 0 0 0 0 0 0 0.483404 0.488466
0.490997 0 0 0 0 0 0 0 0 0 0 0 0 0 0 0 0.488466 0.493528
0.496060 0 0 0 0 0 0 0 0 0 0 0 0 0 0 0 0.493528 0.498591
0.501122 0 0 0 0 0 0 0 0 0 0 0 0 0 0 0 0.498591 0.503654
0.506185 0 0 0 0 0 0 0 0 0 0 0 0 0 0 0 0.503654 0.508716
0.511247 0 0 0 0 0 0 0 0 0 0 0 0 0 0 0 0.508716 0.513778
0.516310 0 0 0 0 0 0 0 0 0 0 0 0 0 0 0 0.513778 0.518841
0.521372 0 0 0 0 0 0 0 0 0 0 0 0 0 0 0 0.518841 0.523903
0.526435 0 0 0 0 0 0 0 0 0 0 0 0 0 0 0 0.523903 0.528966
0.531497 0 0 0 0 0 0 0 0 0 0 0 0 0 0 0 0.528966 0.534029
0.536560 0 0 0 0 0 0 0 0 0 0 0 0 0 0 0 0.534029 0.539091
0.541622 0 0 0 0 0 0 0 0 0 0 0 0 0 0 0 0.539091 0.544153
0.546685 0 0 0 0 0 0 0 0 0 0 0 0 0 0 0 0.544153 0.549216
0.551747 0 0 0 0 0 0 0 0 0 0 0 0 0 0 0 0.549216 0.554278
0.556810 0 0 0 0 0 0 0 0 0 0 0 0 0 0 0 0.554278 0.559341
0.561872 0 0 0 0 0 0 0 0 0 0 0 0 0 0 0 0.559341 0.564404
0.566935 0 0 0 0 0 0 0 0 0 0 0 0 0 0 0 0.564404 0.569466
0.571997 0 0 0 0 0 0 0 0 0 0 0 0 0 0 0 0.569466 0.574528
0.577060 0 0 0 0 0 0 0 0 0 0 0 0 0 0 0 0.574528 0.579592
0.582123 0 0 0 0 0 0 0 0 0 0 0 0 0 0 0 0.579592 0.584654
0.587185 0 0 0 0 0 0 0 0 0 0 0 0 0 0 0 0.584654 0.589717
0.592248 0 0 0 0 0 0 0 0 0 0 0 0 0 0 0 0.589717 0.594779
0.597310 0 0 0 0 0 0 0 0 0 0 0 0 0 0 0 0.594779 0.599841
0.602373 0 0 0 0 0 0 0 0 0 0 0 0 0 0 0 0.599841 0.604904
0.607435 0 0 0 0 0 0 0 0 0 0 0 0 0 0 0 0.604904 0.609967
0.612498 0 0 0 0 0 0 0 0 0 0 0 0 0 0 0 0.609967 0.615029
0.617560 0 0 0 0 0 0 0 0 0 0 0 0 0 0 0 0.615029 0.620092
0.622623 0 0 0 0 0 0 0 0 0 0 0 0 0 0 0 0.620092 0.625154
0.627685 0 0 0 0 0 0 0 0 0 0 0 0 0 0 0 0.625154 0.630216
0.632748 0 0 0 0 0 0 0 0 0 0 0 0 0 0 0 0.630216 0.635279
0.637810 0 0 0 0 0 0 0 0 0 0 0 0 0 0 0 0.635279 0.640342
0.642873 0 0 0 0 0 0 0 0 0 0 0 0 0 0 0 0.640342 0.645404
0.647935 0 0 0 0 0 0 0 0 0 0 0 0 0 0 0 0.645404 0.650466
0.652998 0 0 0 0 0 0 0 0 0 0 0 0 0 0 0 0.650466 0.655529
0.658060 0 0 0 0 0 0 0 0 0 0 0 0 0 0 0 0.655529 0.660591
0.663123 0 0 0 0 0 0 0 0 0 0 0 0 0 0 0 0.660591 0.665654
0.668185 0 0 0 0 0 0 0 0 0 0 0 0 0 0 0 0.665654 0.670717
0.673248 0 0 0 0 0 0 0 0 0 0 0 0 0 0 0 0.670717 0.675779
0.678310 0 0 0 0 0 0 0 0 0 0 0 0 0 0 0 0.675779 0.680841
0.684006 0 0 0 0 0 0 0 0 0 0 0 0 0 0 0 0.680841 0.687170
0.690967 0 0 0 0 0 0 0 0 0 0 0 0 0 0 0 0.687170 0.694764
0.698560 0 0 0 0 0 0 0 0 0 0 0 0 0 0 0 0.694764 0.702357
0.706154 0 0 0 0 0 0 0 0 0 0 0 0 0 0 0 0.702357 0.709951
0.713748 0 0 0 0 0 0 0 0 0 0 0 0 0 0 0 0.709951 0.717545
0.721342 0 0 0 0 0 0 0 0 0 0 0 0 0 0 0 0.717545 0.725139
0.728935 0 0 0 0 0 0 0 0 0 0 0 0 0 0 0 0.725139 0.732732
0.736529 0 0 0 0 0 0 0 0 0 0 0 0 0 0 0 0.732732 0.740326
0.744123 0 0 0 0 0 0 0 0 0 0 0 0 0 0 0 0.740326 0.747920
0.751717 0 0 0 0 0 0 0 0 0 0 0 0 0 0 0 0.747920 0.755513
0.759310 0 0 0 0 0 0 0 0 0 0 0 0 0 0 0 0.755513 0.763107
0.766904 0 0 0 0 0 0 0 0 0 0 0 0 0 0 0 0.763107 0.770701
0.774498 0 0 0 0 0 0 0 0 0 0 0 0 0 0 0 0.770701 0.778295
0.782092 0 0 0 0 0 0 0 0 0 0 0 0 0 0 0 0.778295 0.785888
0.789685 0 0 0 0 0 0 0 0 0 0 0 0 0 0 0 0.785888 0.793482
0.797279 0 0 0 0 0 0 0 0 0 0 0 0 0 0 0 0.793482 0.801076
0.804873 0 0 0 0 0 0 0 0 0 0 0 0 0 0 0 0.801076 0.808670
0.812467 0 0 0 0 0 0 0 0 0 0 0 0 0 0 0 0.808670 0.816263
0.820060 0 0 0 0 0 0 0 0 0 0 0 0 0 0 0 0.816263 0.823857
0.827654 0 0 0 0 0 0 0 0 0 0 0 0 0 0 0 0.823857 0.831451
0.835248 0 0 0 0 0 0 0 0 0 0 0 0 0 0 0 0.831451 0.839045
0.842842 0 0 0 0 0 0 0 0 0 0 0 0 0 0 0 0.839045 0.846639
0.850435 0 0 0 0 0 0 0 0 0 0 0 0 0 0 0 0.846639 0.854232
0.858029 0 0 0 0 0 0 0 0 0 0 0 0 0 0 0 0.854232 0.861826
0.865623 0 0 0 0 0 0 0 0 0 0 0 0 0 0 0 0.861826 0.869420
0.873217 0 0 0 0 0 0 0 0 0 0 0 0 0 0 0 0.869420 0.877014
0.880810 0 0 0 0 0 0 0 0 0 0 0 0 0 0 0 0.877014 0.884607
0.888404 0 0 0 0 0 0 0 0 0 0 0 0 0 0 0 0.884607 0.892201
0.895998 0 0 0 0 0 0 0 0 0 0 0 0 0 0 0 0.892201 0.899795
0.903592 0 0 0 0 0 0 0 0 0 0 0 0 0 0 0 0.899795 0.907389
0.911185 0 0 0 0 0 0 0 0 0 0 0 0 0 0 0 0.907389 0.914982
0.918779 0 0 0 0 0 0 0 0 0 0 0 0 0 0 0 0.914982 0.922576
0.926373 0 0 0 0 0 0 0 0 0 0 0 0 0 0 0 0.922576 0.930170
0.933967 0 0 0 0 0 0 0 0 0 0 0 0 0 0 0 0.930170 0.937763
0.941560 0 0 0 0 0 0 0 0 0 0 0 0 0 0 0 0.937763 0.945357
0.949154 0 0 0 0 0 0 0 0 0 0 0 0 0 0 0 0.945357 0.952951
0.956748 0 0 0 0 0 0 0 0 0 0 0 0 0 0 0 0.952951 0.960545
0.964342 0 0 0 0 0 0 0 0 0 0 0 0 0 0 0 0.960545 0.968138
0.971935 0 0 0 0 0 0 0 0 0 0 0 0 0 0 0 0.968138 0.975732
0.979529 0 0 0 0 0 0 0 0 0 0 0 0 0 0 0 0.975732 0.983326
0.987123 0 0 0 0 0 0 0 0 0 0 0 0 0 0 0 0.983326 0.990920
0.994717 0 0 0 0 0 0 0 0 0 0 0 0 0 0 0 0.990920 0.998514
1.000412 0 0 0 0 0 0 0 0 0 0 0 0 0 0 0 0.998514 1.002310
