#Peak halo mass range: 12.125 < log10(Mh/Msun) < 12.375
#Quenched threshold: True SFR / True SM < 1e-11 / yr
#True SFHs in units of Msun/yr.
#See documentation for explanation of true vs. observed SFRs and SMs.
#Bestfit halos in bin: 18102
#Bestfit SF halos in bin: 12378
#Bestfit Q halos in bin: 5724
#Bestfit central halos in bin: 15812
#Bestfit satellite halos in bin: 2290
#Avg_scale_factor <SFH_all> Err+ Err- <SFH_SF> Err+ Err- <SFH_Q> Err+ Err- <SFH_Cen> Err+ Err- <SFH_Sat> Err+ Err- Scale_factor_begin Scale_factor_end
0.028936 6.54447e-10 0.000281813 6.54117e-10 1.65567e-10 0.000242088 1.65437e-10 1.71164e-09 0.000349326 1.71051e-09 3.43037e-10 0.000270565 3.4279e-10 2.80467e-09 0.000378279 2.80347e-09 0.000000 0.057873
0.059561 0.000239718 0.00375723 0.000234434 0.000199504 0.00287922 0.000195398 0.00032668 0.00551833 0.000317852 0.000227068 0.00350647 0.000221911 0.000327062 0.00486156 0.00032089 0.057873 0.061248
0.062373 0.00169875 0.00769465 0.00160532 0.00138894 0.00640982 0.00130522 0.00236871 0.0116345 0.00226364 0.00153137 0.00765127 0.00146516 0.00285449 0.0093117 0.00267584 0.061248 0.063498
0.064623 0.0049831 0.016112 0.00445089 0.00424277 0.0124198 0.00380265 0.00658404 0.0240906 0.00585854 0.0047046 0.0157456 0.00421632 0.00690608 0.016169 0.00608547 0.063498 0.065748
0.066873 0.0137216 0.015996 0.0120846 0.0120387 0.0153432 0.0106091 0.0173609 0.0226545 0.0151415 0.0130485 0.0160501 0.0115324 0.0183696 0.015934 0.0163449 0.065748 0.067998
0.069123 0.0279545 0.0173518 0.0235016 0.0234107 0.0158853 0.0194762 0.0377804 0.0257356 0.0317142 0.0259866 0.0166312 0.0216648 0.0415425 0.0247216 0.0352561 0.067998 0.070248
0.071373 0.0487553 0.0187257 0.0382968 0.0417372 0.0174061 0.0324305 0.0639317 0.0302899 0.0496795 0.044985 0.0179693 0.0352873 0.0747884 0.0299516 0.0593219 0.070248 0.072498
0.073623 0.071668 0.0259088 0.0509032 0.0616684 0.0242859 0.0436904 0.0932916 0.0381893 0.0654415 0.0671657 0.0240597 0.0478107 0.102755 0.0418534 0.0727811 0.072498 0.074748
0.075873 0.100571 0.030403 0.0637008 0.0842421 0.0314322 0.0533379 0.13588 0.043599 0.085528 0.0933333 0.0282264 0.0594269 0.150543 0.0431866 0.0963757 0.074748 0.076998
0.078123 0.13694 0.0453695 0.0779066 0.11457 0.0465948 0.0663414 0.185312 0.0731229 0.101808 0.128122 0.0421815 0.0736258 0.197822 0.0784393 0.111432 0.076998 0.079248
0.080373 0.172318 0.0732271 0.0900612 0.151879 0.061911 0.0818983 0.216516 0.102368 0.105538 0.16015 0.0634946 0.0835505 0.25633 0.0914502 0.135581 0.079248 0.081498
0.082904 0.197094 0.073019 0.0977632 0.174422 0.0654337 0.0880966 0.246121 0.108351 0.113988 0.181239 0.0693042 0.0913384 0.306565 0.104504 0.15118 0.081498 0.084311
0.085998 0.28138 0.0973081 0.128807 0.250108 0.0854927 0.112942 0.349005 0.133669 0.143054 0.260547 0.0974987 0.11772 0.425229 0.12552 0.18746 0.084311 0.087685
0.089373 0.352346 0.112616 0.144078 0.307855 0.101106 0.128884 0.448556 0.152441 0.164871 0.326933 0.106825 0.138792 0.527813 0.148305 0.217691 0.087685 0.091061
0.092748 0.456474 0.119857 0.163977 0.398697 0.120647 0.142568 0.581413 0.16408 0.177712 0.428883 0.11591 0.15261 0.646981 0.15224 0.241719 0.091061 0.094435
0.096123 0.568949 0.136815 0.176491 0.50815 0.126361 0.152487 0.700424 0.212353 0.1867 0.536151 0.13106 0.165648 0.79541 0.167665 0.256345 0.094435 0.097811
0.099498 0.704044 0.14752 0.200417 0.616095 0.13294 0.174204 0.894233 0.221905 0.214282 0.652671 0.136798 0.185022 1.05877 0.162609 0.305474 0.097811 0.101186
0.102873 0.854865 0.15682 0.226075 0.749967 0.135313 0.195673 1.0817 0.25675 0.238425 0.790426 0.148798 0.207217 1.2998 0.180702 0.34049 0.101186 0.104560
0.106248 0.998615 0.164415 0.236172 0.897271 0.149185 0.231192 1.21777 0.253301 0.245969 0.930588 0.151855 0.23376 1.46832 0.206115 0.34576 0.104560 0.107936
0.109623 1.17835 0.148746 0.260954 1.07665 0.134791 0.258978 1.39826 0.241833 0.264016 1.09877 0.144601 0.257891 1.72779 0.203019 0.383736 0.107936 0.111310
0.112998 1.36206 0.152767 0.303286 1.2537 0.13999 0.282007 1.5964 0.237859 0.307738 1.27523 0.140871 0.288253 1.9616 0.207208 0.440619 0.111310 0.114686
0.116373 1.55347 0.154091 0.333292 1.42233 0.143171 0.310344 1.83704 0.258661 0.325421 1.44945 0.151676 0.320992 2.27167 0.198514 0.502586 0.114686 0.118060
0.119748 1.75244 0.162128 0.370135 1.59077 0.162412 0.345629 2.10205 0.323296 0.334839 1.62664 0.171085 0.346243 2.62109 0.206032 0.575504 0.118060 0.121435
0.123123 1.94821 0.184125 0.392687 1.74888 0.169719 0.364006 2.37926 0.355178 0.375866 1.81025 0.171021 0.370289 2.90081 0.192337 0.605675 0.121435 0.124811
0.126498 2.17352 0.202258 0.418841 1.93699 0.18765 0.381698 2.685 0.365858 0.405576 2.01909 0.19131 0.389616 3.23982 0.21649 0.672728 0.124811 0.128185
0.129873 2.38812 0.226639 0.451169 2.11222 0.179342 0.405895 2.98476 0.454722 0.428571 2.20743 0.200101 0.420613 3.63577 0.313986 0.660228 0.128185 0.131561
0.133248 2.64598 0.223037 0.495914 2.31191 0.179831 0.434558 3.3684 0.534702 0.479304 2.43433 0.205823 0.468569 4.10736 0.337918 0.772043 0.131561 0.134935
0.137045 2.88088 0.225291 0.525199 2.55861 0.217021 0.482818 3.57776 0.534005 0.526036 2.67363 0.215806 0.505572 4.3119 0.349018 0.80337 0.134935 0.139154
0.141685 3.24332 0.217452 0.601552 2.87347 0.208694 0.547395 4.04311 0.586045 0.594312 2.97851 0.200263 0.563442 5.07178 0.383132 0.96172 0.139154 0.144217
0.146748 3.71901 0.230714 0.710996 3.24294 0.201509 0.600341 4.74849 0.663696 0.68951 3.36068 0.199375 0.647182 6.1932 0.337234 1.24596 0.144217 0.149279
0.151810 4.20228 0.243452 0.773363 3.64326 0.222064 0.670914 5.41115 0.691842 0.816044 3.79063 0.197024 0.713502 7.04464 0.255999 1.49869 0.149279 0.154342
0.156873 4.64229 0.274713 0.887971 4.02723 0.252057 0.77035 5.97236 0.727205 0.936689 4.18896 0.210664 0.796592 7.7725 0.283721 1.69678 0.154342 0.159404
0.161935 5.15004 0.263402 1.01668 4.51296 0.243842 0.871161 6.52771 0.722271 1.02122 4.64753 0.220873 0.910779 8.61974 0.400784 1.89528 0.159404 0.164467
0.166998 5.7159 0.261713 1.20056 4.95993 0.291837 0.960135 7.35066 0.832179 1.13161 5.1608 0.246233 1.07069 9.54877 0.450286 2.1384 0.164467 0.169529
0.172060 6.34403 0.324918 1.36286 5.47793 0.274093 1.11315 8.21693 0.957595 1.30839 5.69743 0.296118 1.23941 10.8087 0.51503 2.55073 0.169529 0.174591
0.177123 7.18344 0.356634 1.52799 6.12036 0.291856 1.29668 9.48231 1.14706 1.43752 6.37691 0.321 1.40763 12.7523 0.615615 3.11241 0.174591 0.179654
0.182185 7.78624 0.32985 1.72664 6.72516 0.244925 1.48623 10.0808 1.21071 1.61358 7.01478 0.273272 1.50315 13.113 0.777566 3.04473 0.179654 0.184716
0.187248 8.46476 0.367137 1.88972 7.37276 0.254131 1.66886 10.8262 1.40069 1.65695 7.60184 0.24321 1.69752 14.4231 0.808303 3.43535 0.184716 0.189779
0.192310 9.26283 0.365209 2.09885 8.04396 0.335618 1.84186 11.8986 1.60405 1.96985 8.30176 0.267537 1.92854 15.8988 0.974294 3.54837 0.189779 0.194842
0.197373 10.2144 0.451879 2.38683 8.83447 0.394794 2.05358 13.1985 1.89847 2.21562 9.12922 0.31386 2.15007 17.7074 1.18368 4.07037 0.194842 0.199904
0.202435 11.0874 0.577158 2.55693 9.68093 0.47343 2.26325 14.1288 2.15225 2.4212 9.96371 0.486588 2.36542 18.8462 1.5556 4.29462 0.199904 0.204967
0.207498 11.9645 0.772372 2.76786 10.494 0.571072 2.44026 15.1444 2.46382 2.49011 10.8053 0.578817 2.56003 19.9683 2.24494 4.31936 0.204967 0.210029
0.212560 13.0748 0.978642 2.87829 11.5174 0.760205 2.75905 16.4428 2.91976 2.59428 11.8268 0.765655 2.72696 21.6922 2.85949 4.46525 0.210029 0.215091
0.217623 14.3198 1.30656 3.11633 12.6184 1.08611 2.95059 17.9989 3.19753 2.78457 12.917 0.914466 2.87421 24.0054 3.00761 4.64114 0.215091 0.220154
0.222685 15.2785 1.61594 3.12992 13.4318 1.26808 3.05995 19.2721 3.77372 2.78255 13.9048 1.16096 2.99867 24.7642 3.61812 4.47596 0.220154 0.225217
0.227748 16.3435 1.89882 3.22577 14.4852 1.4165 3.1745 20.3622 4.26578 2.91935 14.9867 1.48492 3.11198 25.7123 3.89659 4.55987 0.225217 0.230279
0.232810 17.7612 2.21362 3.36033 15.7653 1.74313 3.22937 22.0773 5.12038 2.8226 16.305 1.84765 3.30245 27.8157 4.50452 4.64551 0.230279 0.235342
0.237873 19.0252 2.52816 3.49309 16.9831 2.23906 3.37091 23.4411 5.40914 2.88384 17.534 2.12193 3.41067 29.3214 4.82158 4.68652 0.235342 0.240404
0.242935 20.5504 2.90524 3.5946 18.5066 2.4899 3.60983 24.9701 6.13954 2.70212 19.042 2.40994 3.59022 30.9659 5.29051 4.90184 0.240404 0.245467
0.247998 21.9524 3.10378 3.64193 20.0604 2.70873 3.72165 26.0439 6.9297 2.80993 20.5093 2.83485 3.5303 31.9167 6.02716 4.86145 0.245467 0.250529
0.253060 23.4843 3.35344 3.6654 21.8148 3.17958 4.07875 27.0945 7.28857 2.70418 22.1684 2.94445 3.69146 32.5706 6.23529 4.80642 0.250529 0.255592
0.258123 25.251 4.36632 3.92913 23.9546 3.27387 4.34926 28.0546 7.99423 2.68201 24.1306 4.06057 3.78265 32.9875 6.08863 4.48103 0.255592 0.260654
0.263185 27.1645 4.61876 4.16091 26.0966 3.64322 4.5899 29.4738 8.49296 2.39285 26.1488 4.57995 4.05266 34.178 6.23142 4.79955 0.260654 0.265716
0.268248 29.1822 5.35071 4.24347 28.7155 3.87204 5.12318 30.1914 9.17268 2.0441 28.3609 4.92468 4.22667 34.8528 6.03687 4.74989 0.265716 0.270779
0.273310 30.8574 5.24214 4.44787 31.1615 4.54113 5.65818 30.1999 9.39907 2.27368 30.3791 5.36678 4.54923 34.1603 5.73277 4.58702 0.270779 0.275842
0.278373 33.1104 5.29783 4.68138 34.5242 4.52249 6.22806 30.0529 8.87323 2.43455 32.7171 5.41052 4.65573 35.8255 6.11717 5.41018 0.275842 0.280904
0.283435 35.3952 5.50898 5.01498 38.4029 4.85102 6.76568 28.8913 8.06865 2.90602 35.2532 5.67375 5.19597 36.3762 6.16613 5.53333 0.280904 0.285967
0.288498 37.9449 5.95946 5.40178 43.201 5.20153 7.76482 26.5786 6.17376 2.97235 38.089 6.31979 5.63943 36.9496 5.45922 5.78131 0.285967 0.291029
0.293560 40.471 6.89439 5.77295 48.503 5.94764 8.84801 23.1021 4.53691 2.96149 40.9879 7.05144 5.84475 36.9021 5.07841 5.9474 0.291029 0.296091
0.298623 42.5061 7.12193 6.00414 53.6795 7.35398 10.2285 18.344 3.19433 2.61268 43.3984 7.41267 6.03662 36.3445 4.65884 5.89573 0.296091 0.301154
0.303685 44.3053 7.21387 6.12954 58.7366 7.36068 11.5529 13.0978 1.88274 2.11693 45.636 8.15432 6.35809 35.1166 4.23078 5.83347 0.301154 0.306217
0.308748 45.565 7.13083 6.07286 63.2387 7.8559 12.9763 7.34618 0.829266 1.29428 47.3621 8.0354 6.30563 33.1565 3.76326 5.45982 0.306217 0.311279
0.313810 46.5009 6.96959 5.91141 67.9767 7.90553 14.5765 0.0599902 0.0108129 0.00714211 48.5167 7.94193 6.04346 32.5822 3.23757 5.94678 0.311279 0.316341
0.318873 0 0 0 0 0 0 0 0 0 0 0 0 0 0 0 0.316341 0.321404
0.323935 0 0 0 0 0 0 0 0 0 0 0 0 0 0 0 0.321404 0.326466
0.328997 0 0 0 0 0 0 0 0 0 0 0 0 0 0 0 0.326466 0.331528
0.334060 0 0 0 0 0 0 0 0 0 0 0 0 0 0 0 0.331528 0.336591
0.339122 0 0 0 0 0 0 0 0 0 0 0 0 0 0 0 0.336591 0.341653
0.344185 0 0 0 0 0 0 0 0 0 0 0 0 0 0 0 0.341653 0.346716
0.349247 0 0 0 0 0 0 0 0 0 0 0 0 0 0 0 0.346716 0.351779
0.354310 0 0 0 0 0 0 0 0 0 0 0 0 0 0 0 0.351779 0.356841
0.359372 0 0 0 0 0 0 0 0 0 0 0 0 0 0 0 0.356841 0.361903
0.364435 0 0 0 0 0 0 0 0 0 0 0 0 0 0 0 0.361903 0.366966
0.369497 0 0 0 0 0 0 0 0 0 0 0 0 0 0 0 0.366966 0.372028
0.374560 0 0 0 0 0 0 0 0 0 0 0 0 0 0 0 0.372028 0.377091
0.379622 0 0 0 0 0 0 0 0 0 0 0 0 0 0 0 0.377091 0.382154
0.384685 0 0 0 0 0 0 0 0 0 0 0 0 0 0 0 0.382154 0.387216
0.389747 0 0 0 0 0 0 0 0 0 0 0 0 0 0 0 0.387216 0.392278
0.394810 0 0 0 0 0 0 0 0 0 0 0 0 0 0 0 0.392278 0.397341
0.399872 0 0 0 0 0 0 0 0 0 0 0 0 0 0 0 0.397341 0.402404
0.404935 0 0 0 0 0 0 0 0 0 0 0 0 0 0 0 0.402404 0.407466
0.409997 0 0 0 0 0 0 0 0 0 0 0 0 0 0 0 0.407466 0.412529
0.415060 0 0 0 0 0 0 0 0 0 0 0 0 0 0 0 0.412529 0.417591
0.420122 0 0 0 0 0 0 0 0 0 0 0 0 0 0 0 0.417591 0.422653
0.425185 0 0 0 0 0 0 0 0 0 0 0 0 0 0 0 0.422653 0.427716
0.430247 0 0 0 0 0 0 0 0 0 0 0 0 0 0 0 0.427716 0.432779
0.435310 0 0 0 0 0 0 0 0 0 0 0 0 0 0 0 0.432779 0.437841
0.440372 0 0 0 0 0 0 0 0 0 0 0 0 0 0 0 0.437841 0.442903
0.445435 0 0 0 0 0 0 0 0 0 0 0 0 0 0 0 0.442903 0.447966
0.450497 0 0 0 0 0 0 0 0 0 0 0 0 0 0 0 0.447966 0.453029
0.455560 0 0 0 0 0 0 0 0 0 0 0 0 0 0 0 0.453029 0.458091
0.460622 0 0 0 0 0 0 0 0 0 0 0 0 0 0 0 0.458091 0.463154
0.465685 0 0 0 0 0 0 0 0 0 0 0 0 0 0 0 0.463154 0.468216
0.470747 0 0 0 0 0 0 0 0 0 0 0 0 0 0 0 0.468216 0.473278
0.475810 0 0 0 0 0 0 0 0 0 0 0 0 0 0 0 0.473278 0.478341
0.480872 0 0 0 0 0 0 0 0 0 0 0 0 0 0 0 0.478341 0.483404
0.485935 0 0 0 0 0 0 0 0 0 0 0 0 0 0 0 0.483404 0.488466
0.490997 0 0 0 0 0 0 0 0 0 0 0 0 0 0 0 0.488466 0.493528
0.496060 0 0 0 0 0 0 0 0 0 0 0 0 0 0 0 0.493528 0.498591
0.501122 0 0 0 0 0 0 0 0 0 0 0 0 0 0 0 0.498591 0.503654
0.506185 0 0 0 0 0 0 0 0 0 0 0 0 0 0 0 0.503654 0.508716
0.511247 0 0 0 0 0 0 0 0 0 0 0 0 0 0 0 0.508716 0.513778
0.516310 0 0 0 0 0 0 0 0 0 0 0 0 0 0 0 0.513778 0.518841
0.521372 0 0 0 0 0 0 0 0 0 0 0 0 0 0 0 0.518841 0.523903
0.526435 0 0 0 0 0 0 0 0 0 0 0 0 0 0 0 0.523903 0.528966
0.531497 0 0 0 0 0 0 0 0 0 0 0 0 0 0 0 0.528966 0.534029
0.536560 0 0 0 0 0 0 0 0 0 0 0 0 0 0 0 0.534029 0.539091
0.541622 0 0 0 0 0 0 0 0 0 0 0 0 0 0 0 0.539091 0.544153
0.546685 0 0 0 0 0 0 0 0 0 0 0 0 0 0 0 0.544153 0.549216
0.551747 0 0 0 0 0 0 0 0 0 0 0 0 0 0 0 0.549216 0.554278
0.556810 0 0 0 0 0 0 0 0 0 0 0 0 0 0 0 0.554278 0.559341
0.561872 0 0 0 0 0 0 0 0 0 0 0 0 0 0 0 0.559341 0.564404
0.566935 0 0 0 0 0 0 0 0 0 0 0 0 0 0 0 0.564404 0.569466
0.571997 0 0 0 0 0 0 0 0 0 0 0 0 0 0 0 0.569466 0.574528
0.577060 0 0 0 0 0 0 0 0 0 0 0 0 0 0 0 0.574528 0.579592
0.582123 0 0 0 0 0 0 0 0 0 0 0 0 0 0 0 0.579592 0.584654
0.587185 0 0 0 0 0 0 0 0 0 0 0 0 0 0 0 0.584654 0.589717
0.592248 0 0 0 0 0 0 0 0 0 0 0 0 0 0 0 0.589717 0.594779
0.597310 0 0 0 0 0 0 0 0 0 0 0 0 0 0 0 0.594779 0.599841
0.602373 0 0 0 0 0 0 0 0 0 0 0 0 0 0 0 0.599841 0.604904
0.607435 0 0 0 0 0 0 0 0 0 0 0 0 0 0 0 0.604904 0.609967
0.612498 0 0 0 0 0 0 0 0 0 0 0 0 0 0 0 0.609967 0.615029
0.617560 0 0 0 0 0 0 0 0 0 0 0 0 0 0 0 0.615029 0.620092
0.622623 0 0 0 0 0 0 0 0 0 0 0 0 0 0 0 0.620092 0.625154
0.627685 0 0 0 0 0 0 0 0 0 0 0 0 0 0 0 0.625154 0.630216
0.632748 0 0 0 0 0 0 0 0 0 0 0 0 0 0 0 0.630216 0.635279
0.637810 0 0 0 0 0 0 0 0 0 0 0 0 0 0 0 0.635279 0.640342
0.642873 0 0 0 0 0 0 0 0 0 0 0 0 0 0 0 0.640342 0.645404
0.647935 0 0 0 0 0 0 0 0 0 0 0 0 0 0 0 0.645404 0.650466
0.652998 0 0 0 0 0 0 0 0 0 0 0 0 0 0 0 0.650466 0.655529
0.658060 0 0 0 0 0 0 0 0 0 0 0 0 0 0 0 0.655529 0.660591
0.663123 0 0 0 0 0 0 0 0 0 0 0 0 0 0 0 0.660591 0.665654
0.668185 0 0 0 0 0 0 0 0 0 0 0 0 0 0 0 0.665654 0.670717
0.673248 0 0 0 0 0 0 0 0 0 0 0 0 0 0 0 0.670717 0.675779
0.678310 0 0 0 0 0 0 0 0 0 0 0 0 0 0 0 0.675779 0.680841
0.684006 0 0 0 0 0 0 0 0 0 0 0 0 0 0 0 0.680841 0.687170
0.690967 0 0 0 0 0 0 0 0 0 0 0 0 0 0 0 0.687170 0.694764
0.698560 0 0 0 0 0 0 0 0 0 0 0 0 0 0 0 0.694764 0.702357
0.706154 0 0 0 0 0 0 0 0 0 0 0 0 0 0 0 0.702357 0.709951
0.713748 0 0 0 0 0 0 0 0 0 0 0 0 0 0 0 0.709951 0.717545
0.721342 0 0 0 0 0 0 0 0 0 0 0 0 0 0 0 0.717545 0.725139
0.728935 0 0 0 0 0 0 0 0 0 0 0 0 0 0 0 0.725139 0.732732
0.736529 0 0 0 0 0 0 0 0 0 0 0 0 0 0 0 0.732732 0.740326
0.744123 0 0 0 0 0 0 0 0 0 0 0 0 0 0 0 0.740326 0.747920
0.751717 0 0 0 0 0 0 0 0 0 0 0 0 0 0 0 0.747920 0.755513
0.759310 0 0 0 0 0 0 0 0 0 0 0 0 0 0 0 0.755513 0.763107
0.766904 0 0 0 0 0 0 0 0 0 0 0 0 0 0 0 0.763107 0.770701
0.774498 0 0 0 0 0 0 0 0 0 0 0 0 0 0 0 0.770701 0.778295
0.782092 0 0 0 0 0 0 0 0 0 0 0 0 0 0 0 0.778295 0.785888
0.789685 0 0 0 0 0 0 0 0 0 0 0 0 0 0 0 0.785888 0.793482
0.797279 0 0 0 0 0 0 0 0 0 0 0 0 0 0 0 0.793482 0.801076
0.804873 0 0 0 0 0 0 0 0 0 0 0 0 0 0 0 0.801076 0.808670
0.812467 0 0 0 0 0 0 0 0 0 0 0 0 0 0 0 0.808670 0.816263
0.820060 0 0 0 0 0 0 0 0 0 0 0 0 0 0 0 0.816263 0.823857
0.827654 0 0 0 0 0 0 0 0 0 0 0 0 0 0 0 0.823857 0.831451
0.835248 0 0 0 0 0 0 0 0 0 0 0 0 0 0 0 0.831451 0.839045
0.842842 0 0 0 0 0 0 0 0 0 0 0 0 0 0 0 0.839045 0.846639
0.850435 0 0 0 0 0 0 0 0 0 0 0 0 0 0 0 0.846639 0.854232
0.858029 0 0 0 0 0 0 0 0 0 0 0 0 0 0 0 0.854232 0.861826
0.865623 0 0 0 0 0 0 0 0 0 0 0 0 0 0 0 0.861826 0.869420
0.873217 0 0 0 0 0 0 0 0 0 0 0 0 0 0 0 0.869420 0.877014
0.880810 0 0 0 0 0 0 0 0 0 0 0 0 0 0 0 0.877014 0.884607
0.888404 0 0 0 0 0 0 0 0 0 0 0 0 0 0 0 0.884607 0.892201
0.895998 0 0 0 0 0 0 0 0 0 0 0 0 0 0 0 0.892201 0.899795
0.903592 0 0 0 0 0 0 0 0 0 0 0 0 0 0 0 0.899795 0.907389
0.911185 0 0 0 0 0 0 0 0 0 0 0 0 0 0 0 0.907389 0.914982
0.918779 0 0 0 0 0 0 0 0 0 0 0 0 0 0 0 0.914982 0.922576
0.926373 0 0 0 0 0 0 0 0 0 0 0 0 0 0 0 0.922576 0.930170
0.933967 0 0 0 0 0 0 0 0 0 0 0 0 0 0 0 0.930170 0.937763
0.941560 0 0 0 0 0 0 0 0 0 0 0 0 0 0 0 0.937763 0.945357
0.949154 0 0 0 0 0 0 0 0 0 0 0 0 0 0 0 0.945357 0.952951
0.956748 0 0 0 0 0 0 0 0 0 0 0 0 0 0 0 0.952951 0.960545
0.964342 0 0 0 0 0 0 0 0 0 0 0 0 0 0 0 0.960545 0.968138
0.971935 0 0 0 0 0 0 0 0 0 0 0 0 0 0 0 0.968138 0.975732
0.979529 0 0 0 0 0 0 0 0 0 0 0 0 0 0 0 0.975732 0.983326
0.987123 0 0 0 0 0 0 0 0 0 0 0 0 0 0 0 0.983326 0.990920
0.994717 0 0 0 0 0 0 0 0 0 0 0 0 0 0 0 0.990920 0.998514
1.000412 0 0 0 0 0 0 0 0 0 0 0 0 0 0 0 0.998514 1.002310
