#Observed stellar mass range: 11.4 < log10(M*/Msun) < 11.6
#Quenched threshold: Obs. SFR / Obs. SM < 1e-11 / yr
#SFHs in units of observed Msun/yr.
#True SFHs rescaled by average systematic offset of 0.00405033 dex to be consistent with average observed stellar mass in bin.
#See documentation for explanation of true vs. observed SFRs and SMs.
#Bestfit galaxies in bin: 2067
#Bestfit SF galaxies in bin: 288
#Bestfit Q galaxies in bin: 1779
#Bestfit central galaxies in bin: 1788
#Bestfit satellite galaxies in bin: 279
#Avg_scale_factor <SFH_all> Err+ Err- <SFH_SF> Err+ Err- <SFH_Q> Err+ Err- <SFH_Cen> Err+ Err- <SFH_Sat> Err+ Err- Scale_factor_begin Scale_factor_end
0.028936 6.74831e-08 0.00356622 6.74695e-08 1.44687e-08 0.00395435 1.44687e-08 7.60656e-08 0.00311117 7.60514e-08 7.69748e-08 0.00361974 7.6959e-08 6.65474e-09 0.00149025 6.65474e-09 0.000000 0.057873
0.059561 0.0022137 0.0382737 0.00218339 0.00139813 0.0123413 0.00138261 0.00234574 0.0384826 0.00231471 0.00221343 0.0349868 0.00218387 0.00221547 0.0599228 0.00219559 0.057873 0.061248
0.062373 0.0146217 0.078018 0.0137901 0.0112054 0.038825 0.0104873 0.0151748 0.0819729 0.0143491 0.0140647 0.0745513 0.0133484 0.0181913 0.106357 0.017667 0.061248 0.063498
0.064623 0.0426653 0.143636 0.0375143 0.02995 0.0838518 0.0266614 0.0447238 0.148918 0.0395801 0.0416842 0.145428 0.0365209 0.0489531 0.122552 0.0439884 0.063498 0.065748
0.066873 0.103681 0.195872 0.0879152 0.0626098 0.152265 0.0512433 0.11033 0.196546 0.0945852 0.101858 0.197231 0.0852874 0.115361 0.176731 0.0995098 0.065748 0.067998
0.069123 0.212948 0.199812 0.172915 0.142693 0.15095 0.114843 0.224321 0.204285 0.183229 0.210167 0.198421 0.171433 0.230768 0.193036 0.190597 0.067998 0.070248
0.071373 0.361513 0.221987 0.272006 0.237838 0.133799 0.182606 0.381534 0.217047 0.284802 0.350671 0.228195 0.264133 0.430993 0.172373 0.345037 0.070248 0.072498
0.073623 0.55556 0.247163 0.3983 0.395312 0.135699 0.280279 0.581502 0.229823 0.419489 0.542833 0.239389 0.388263 0.637117 0.228936 0.467848 0.072498 0.074748
0.075873 0.773602 0.283278 0.480721 0.544803 0.223263 0.344904 0.810642 0.264702 0.514594 0.768322 0.278118 0.481169 0.80744 0.312192 0.507319 0.074748 0.076998
0.078123 1.03387 0.396568 0.584372 0.771183 0.307994 0.423841 1.0764 0.388169 0.612978 1.01221 0.382701 0.57115 1.17271 0.453951 0.681371 0.076998 0.079248
0.080373 1.26525 0.636832 0.626947 0.938173 0.356217 0.461842 1.3182 0.675746 0.666227 1.22994 0.649598 0.613146 1.49154 0.491339 0.80195 0.079248 0.081498
0.082904 1.49922 0.713853 0.694078 1.08958 0.391055 0.480705 1.56554 0.725063 0.728906 1.46964 0.765423 0.674194 1.68879 0.529503 0.866223 0.081498 0.084311
0.085998 2.17098 0.782838 0.887937 1.60487 0.630282 0.633311 2.26263 0.805452 0.963251 2.11546 0.776948 0.859667 2.52678 0.793685 1.10872 0.084311 0.087685
0.089373 2.8255 0.955085 1.02493 2.15698 0.783349 0.74806 2.93373 0.938086 1.10974 2.71313 0.977287 0.937539 3.54567 0.839732 1.49613 0.087685 0.091061
0.092748 3.63224 1.20548 1.17612 2.76191 0.858689 0.855915 3.77314 1.13396 1.29124 3.43397 1.27979 1.07295 4.90291 0.844959 1.99084 0.091061 0.094435
0.096123 4.49887 1.34756 1.35701 3.42294 1.25964 0.925561 4.67305 1.27528 1.44153 4.38299 1.42365 1.26127 5.24146 1.12543 1.88467 0.094435 0.097811
0.099498 5.63697 1.39538 1.57853 4.05083 1.5528 1.0188 5.89375 1.29025 1.74646 5.49864 1.48951 1.44885 6.52348 0.975414 2.24932 0.097811 0.101186
0.102873 6.95461 1.50853 1.83482 4.88841 1.58607 1.25981 7.28911 1.44486 2.0567 6.81242 1.67547 1.67035 7.86586 1.03089 2.66936 0.101186 0.104560
0.106248 8.25492 1.49155 2.09319 6.18869 1.59995 1.68133 8.58942 1.49051 2.27542 8.08696 1.61143 1.97137 9.33128 1.11728 2.86868 0.104560 0.107936
0.109623 9.64726 1.63145 2.24883 7.63752 1.58697 2.02136 9.97262 1.63597 2.48671 9.45759 1.54252 2.05636 10.8628 1.05875 3.24393 0.107936 0.111310
0.112998 11.2244 1.56632 2.57025 7.86386 2.10207 1.81718 11.7684 1.44428 2.94158 11.1334 1.5503 2.57975 11.8076 1.25368 3.08296 0.111310 0.114686
0.116373 12.5301 1.60339 2.6551 8.70146 2.45784 1.92799 13.1499 1.3786 3.16077 12.4556 1.49732 2.68732 13.0076 1.52598 2.88614 0.114686 0.118060
0.119748 14.2669 1.61919 2.98856 10.0843 2.97321 2.27137 14.944 1.49937 3.35233 14.3113 1.57046 2.99069 13.982 1.46438 3.05803 0.118060 0.121435
0.123123 16.4686 1.6619 3.43794 11.1361 2.90446 2.59104 17.3319 1.48479 3.85782 16.3746 1.68218 3.2953 17.0713 1.2113 3.81458 0.121435 0.124811
0.126498 18.4157 1.68294 3.75424 12.3191 3.28329 2.80297 19.4027 1.5823 4.23548 18.2567 1.76866 3.51704 19.4343 1.31704 4.56402 0.124811 0.128185
0.129873 20.4644 1.64554 4.12822 13.8398 3.71231 3.13659 21.5368 1.56612 4.69322 20.1405 1.84382 3.85514 22.5402 0.954676 5.5409 0.128185 0.131561
0.133248 23.0925 1.65776 4.66224 15.2872 3.51595 3.67041 24.3561 1.45812 5.54996 22.3695 1.67262 4.34168 27.7259 0.658935 7.13846 0.131561 0.134935
0.137045 25.5182 1.54118 5.12686 18.0233 2.97528 5.08599 26.7315 1.39363 6.06993 24.5608 1.64826 4.81493 31.6534 0.881083 8.23942 0.134935 0.139154
0.141685 29.3668 1.33953 6.30978 20.3181 3.29498 5.54245 30.8317 1.01873 7.42896 28.4049 1.5814 5.77381 35.5313 0 10.2161 0.139154 0.144217
0.146748 32.1444 1.75024 6.49445 22.3084 3.54215 5.97688 33.7368 1.70092 7.92655 31.4443 1.8154 6.19077 36.6317 0.182669 9.13988 0.144217 0.149279
0.151810 36.1608 1.48297 7.54971 25.4401 3.71505 6.53704 37.8964 1.49425 9.09653 35.4421 1.84045 7.10919 40.7669 -0.679202 10.8237 0.149279 0.154342
0.156873 40.5862 1.77345 8.72404 29.0395 3.41777 6.81541 42.4555 1.55049 10.5083 39.4828 2.24264 8.09638 47.6579 -1.06566 13.3226 0.154342 0.159404
0.161935 45.016 1.83709 9.53129 30.9496 4.40882 6.26879 47.2932 1.82973 11.4336 43.3082 2.70782 8.62929 55.9608 -1.84159 16.7755 0.159404 0.164467
0.166998 49.7944 1.41131 11.4145 36.6461 4.42289 8.51962 51.923 1.49624 13.3843 48.0427 2.13234 10.4324 61.0205 -1.2855 17.3838 0.164467 0.169529
0.172060 55.466 1.78723 12.9177 41.0695 4.66502 9.95721 57.7966 1.98192 15.2016 53.6414 2.35096 11.5352 67.1588 -0.811888 19.2363 0.169529 0.174591
0.177123 60.7675 3.15931 13.5062 47.0365 4.58275 12.5933 62.9904 3.50118 16.1848 58.9309 3.57123 12.6215 72.5372 1.76935 20.9267 0.174591 0.179654
0.182185 66.9537 3.85498 15.0964 48.9034 5.80361 12.2585 69.8758 5.78855 17.835 65.3945 5.0552 14.1962 76.9459 3.98062 21.1823 0.179654 0.184716
0.187248 72.2256 5.23935 16.0398 54.628 3.2556 15.2588 75.0745 7.3262 18.7609 70.3105 6.66181 15.2454 84.4988 3.6311 21.9866 0.184716 0.189779
0.192310 77.404 7.44872 16.8445 57.0798 5.92945 13.192 80.6942 9.12112 19.7833 75.0673 7.99641 16.1429 92.3788 6.19021 22.6347 0.189779 0.194842
0.197373 83.4425 8.25598 17.3637 60.9168 5.49027 13.997 87.0891 11.0889 20.632 80.3673 9.94883 17.214 103.15 7.80828 24.225 0.194842 0.199904
0.202435 87.7963 10.2512 17.8053 66.7559 7.41576 15.0351 91.2026 12.5633 21.0464 85.1898 11.2801 16.7996 104.5 8.65728 23.8771 0.199904 0.204967
0.207498 91.4796 12.1676 17.9528 69.5534 11.454 13.406 95.0292 13.5557 21.1215 88.5277 12.1301 16.7637 110.397 13.6098 24.4812 0.204967 0.210029
0.212560 99.0424 13.7198 19.3804 74.8534 13.9958 12.2097 102.958 15.1073 23.6779 95.9194 14.1435 18.0663 119.056 14.5581 26.908 0.210029 0.215091
0.217623 103.7 15.2359 20.4081 83.9207 13.6553 12.1737 106.902 17.4423 24.1673 100.469 16.2226 18.8979 124.41 15.1321 28.3995 0.215091 0.220154
0.222685 107.209 16.923 20.3541 88.3518 12.5341 15.2084 110.262 19.8188 23.8799 104.251 17.6075 19.4818 126.167 17.4541 26.0795 0.220154 0.225217
0.227748 108.665 20.2085 19.4756 88.4234 18.4941 10.1916 111.942 21.5001 23.6282 105.792 19.8556 18.1998 127.078 18.3764 25.6726 0.225217 0.230279
0.232810 112.053 22.3199 18.2759 88.9759 17.8422 9.73707 115.789 23.0232 22.4317 110.635 21.1945 18.5487 121.147 23.8666 18.7237 0.230279 0.235342
0.237873 117.077 21.7834 19.8351 92.1008 19.2976 10.1631 121.12 22.7292 24.0911 115.628 21.5586 19.9473 126.362 21.186 21.4083 0.235342 0.240404
0.242935 120.806 21.9119 19.6124 96.3807 22.9449 8.79973 124.76 23.0822 24.2904 118.946 21.7493 18.5289 132.728 22.1376 22.556 0.240404 0.245467
0.247998 123.825 22.6262 19.2925 99.9228 25.1985 6.13831 127.694 23.5299 24.1923 122.952 21.6079 18.3943 129.416 23.3617 20.914 0.245467 0.250529
0.253060 127.702 23.6564 19.6033 106.122 27.1137 5.8367 131.196 24.4628 24.1188 126.568 23.836 18.9404 134.97 23.5952 23.1525 0.250529 0.255592
0.258123 129.249 23.2584 19.6937 108.571 25.7819 8.75166 132.596 25.373 24.1007 128.113 22.8424 19.3965 136.526 23.4145 22.5029 0.255592 0.260654
0.263185 131.466 24.0787 19.747 110.352 30.3576 3.87612 134.884 25.7524 24.9904 131.668 23.6115 19.9885 130.171 25.6434 18.7974 0.260654 0.265716
0.268248 134.869 24.533 19.7542 119.744 29.3218 4.33513 137.318 26.234 24.6382 134.294 23.8305 19.2058 138.555 22.4437 22.6675 0.265716 0.270779
0.273310 136.946 24.117 20.1275 118.83 30.5397 3.71112 139.878 25.6114 24.4097 135.955 23.3248 20.236 143.295 23.8624 22.7013 0.270779 0.275842
0.278373 140.526 23.3202 21.2493 121.172 29.3375 4.19342 143.659 24.0628 25.4223 139.918 23.0443 21.7096 144.419 24.3155 22.0213 0.275842 0.280904
0.283435 142.453 22.5971 22.5177 128.566 26.7277 6.25556 144.701 23.1616 26.4873 141.723 21.3837 22.3814 147.131 25.219 22.1454 0.280904 0.285967
0.288498 143.566 21.5494 23.0419 129.102 30.8067 5.24396 145.908 22.509 27.1605 142.59 20.8603 22.7299 149.822 27.1588 21.0743 0.285967 0.291029
0.293560 143.876 21.4467 22.0114 129.184 30.8404 5.81192 146.254 22.5495 26.9565 143.578 21.0776 22.6225 145.781 25.6988 20.2235 0.291029 0.296091
0.298623 145.209 20.7258 23.5229 133.193 30.5432 6.05486 147.154 21.2431 28.6377 145.323 19.5982 24.3255 144.482 25.6807 19.5864 0.296091 0.301154
0.303685 142.818 19.5523 23.2199 130.83 29.6268 5.5242 144.759 20.4265 27.8832 142.534 19.2708 23.969 144.639 21.7249 20.7605 0.301154 0.306217
0.308748 142.499 18.23 22.7706 130.126 26.5365 7.50542 144.502 19.1388 27.5496 142.888 18.3707 23.4285 140.006 18.6025 21.79 0.306217 0.311279
0.313810 143.244 17.4243 23.1548 131.882 24.0573 9.87452 145.083 18.5075 27.6153 143.967 17.5207 24.0946 138.606 17.0692 22.7667 0.311279 0.316341
0.318873 142.305 15.3475 25.1356 128.011 21.5702 11.263 144.619 16.7426 29.7212 141.504 15.89 24.661 147.439 11.9257 29.3827 0.316341 0.321404
0.323935 138.433 16.4808 23.8187 128.332 21.1867 10.0696 140.068 17.4861 29.2703 137.564 17.0851 23.7616 144.004 11.5023 29.0626 0.321404 0.326466
0.328997 137.121 15.7059 25.0652 129.384 21.1133 7.52615 138.373 16.2386 29.6487 136.29 16.1279 24.6759 142.443 13.8381 28.0303 0.326466 0.331528
0.334060 133.136 16.0051 24.2999 127.473 20.26 6.57169 134.053 16.4882 27.3962 133.054 16.1026 24.2935 133.662 16.0028 24.1667 0.331528 0.336591
0.339122 130.042 13.6487 24.3843 123.986 15.775 7.69491 131.022 14.7395 28.18 130.981 13.8818 25.2169 124.025 15.5533 21.6728 0.336591 0.341653
0.344185 127.918 14.5411 23.8367 122.693 17.8789 5.62385 128.764 14.1595 27.7436 128.471 14.4662 24.4915 124.375 16.8554 21.9128 0.341653 0.346716
0.349247 125.727 13.5939 24.0452 123.142 18.923 5.9891 126.145 14.3893 27.7047 126.521 13.3219 24.3814 120.637 15.4739 22.1476 0.346716 0.351779
0.354310 122.001 13.688 23.724 119.009 18.7975 4.78758 122.485 14.5542 26.8516 122.748 12.2908 24.1119 117.209 17.793 21.0366 0.351779 0.356841
0.359372 116.91 12.4397 23.7318 117.354 14.3799 5.8282 116.838 13.1086 26.8669 117.437 11.5325 24.1713 113.535 15.7084 21.4304 0.356841 0.361903
0.364435 113.662 11.4296 24.1579 115.106 14.4611 5.28918 113.428 12.1553 27.1294 114.84 10.9053 24.5459 106.111 14.7228 19.5171 0.361903 0.366966
0.369497 108.834 10.8944 23.068 112.212 14.4337 5.3041 108.287 11.966 25.3617 110.512 11.0099 23.525 98.074 14.6825 18.662 0.366966 0.372028
0.374560 104.872 11.1966 22.2581 110.739 13.4192 5.93568 103.922 11.7432 23.9957 106.181 11.3092 22.772 96.482 12.4416 20.0489 0.372028 0.377091
0.379622 100.429 10.6354 21.5901 104.767 13.8128 5.86886 99.7269 10.7357 24.1199 101.545 11.0739 21.8844 93.2764 11.0352 20.1528 0.377091 0.382154
0.384685 97.0659 10.6606 20.9079 102.822 17.3259 4.02038 96.1341 10.9228 23.0378 98.3712 10.3738 21.2103 88.7007 12.6108 17.6581 0.382154 0.387216
0.389747 92.8653 10.8459 19.6129 101.232 17.9341 3.62852 91.5108 10.6675 21.8827 94.1668 10.9463 19.9635 84.5239 10.1366 19.1457 0.387216 0.392278
0.394810 88.8456 10.8215 18.9063 97.7894 16.1811 3.60124 87.3977 10.8236 20.6231 89.847 10.9309 18.8632 82.428 8.93446 19.3273 0.392278 0.397341
0.399872 84.8394 10.4647 17.9949 94.1385 15.4455 4.50512 83.3339 10.6227 19.2137 86.1533 10.7404 18.5019 76.4189 8.60292 17.6206 0.397341 0.402404
0.404935 80.3868 9.44701 17.4289 88.3946 12.9527 6.70144 79.0904 10.6241 18.2645 82.3789 9.69267 18.1366 67.62 10.3165 14.7265 0.402404 0.407466
0.409997 76.1613 8.95518 16.5441 84.3986 13.8895 5.09961 74.8278 9.70506 17.5167 77.7196 9.59588 16.3003 66.1751 6.84542 16.6839 0.407466 0.412529
0.415060 73.6634 8.81848 16.0463 83.2979 13.2795 4.74772 72.1037 9.40097 17.1885 74.9906 9.12521 16.1468 65.1577 8.06332 16.4154 0.412529 0.417591
0.420122 71.2183 8.1539 15.9529 82.0989 13.664 4.08644 69.4569 8.92645 17.0265 72.4727 8.70802 16.0333 63.1796 7.06364 17.2096 0.417591 0.422653
0.425185 67.7258 8.14076 15.0754 77.4227 14.2206 3.3797 66.156 8.80709 16.1221 68.7125 8.5812 14.7729 61.4023 7.06726 16.7864 0.422653 0.427716
0.430247 65.8707 7.66748 15.039 74.4895 14.0245 3.26557 64.4754 8.38018 16.1584 66.9692 8.36597 14.8056 58.8312 5.80034 17.6709 0.427716 0.432779
0.435310 62.1174 7.63897 14.1455 69.656 11.7206 3.75501 60.897 8.08055 14.9813 63.1273 7.93784 13.8759 55.6453 6.68617 16.6001 0.432779 0.437841
0.440372 59.1052 7.8138 13.5057 66.1309 11.2964 4.14039 57.9678 8.57628 14.4937 60.4053 8.04525 13.4773 50.7736 6.30446 14.2252 0.437841 0.442903
0.445435 56.79 7.5273 13.273 63.0578 10.4371 4.74753 55.7754 7.90768 14.1841 57.8344 7.3339 13.5896 50.0971 7.22902 14.5446 0.442903 0.447966
0.450497 53.7586 6.7684 12.9207 59.4516 10.5894 4.06165 52.837 7.24752 13.9489 55.0224 6.72862 13.3116 45.6594 6.45896 12.7076 0.447966 0.453029
0.455560 51.1304 6.83309 12.2424 55.4505 11.009 2.85248 50.4311 7.49472 13.5021 52.2518 6.87555 12.4797 43.9441 5.82644 11.8652 0.453029 0.458091
0.460622 48.7729 6.28097 12.0932 54.0483 10.1752 3.76622 47.9189 6.62208 12.7333 49.836 6.31653 12.4187 41.9603 6.27464 11.5202 0.458091 0.463154
0.465685 45.7234 6.40892 11.1691 49.6427 9.56491 3.23542 45.089 6.70049 11.9549 46.7902 6.1914 11.614 38.8874 7.59532 9.63235 0.463154 0.468216
0.470747 43.5888 5.5913 11.3104 47.4445 8.51449 3.66221 42.9646 6.13714 11.8037 44.4783 5.60637 11.4835 37.888 6.32459 10.3227 0.468216 0.473278
0.475810 41.1099 5.843 10.4361 45.3777 8.07221 3.74429 40.419 6.61883 11.0324 42.0318 5.91822 10.5434 35.2019 5.48665 9.33906 0.473278 0.478341
0.480872 38.8765 6.06198 9.72125 42.8199 7.23396 4.28676 38.2381 6.43701 10.283 39.8161 5.98054 9.91706 32.8549 5.74188 8.51899 0.478341 0.483404
0.485935 37.1933 6.07707 9.24116 40.5143 7.09454 4.10406 36.6557 6.50924 9.88245 38.2008 6.1186 9.53084 30.7367 5.8155 7.86761 0.483404 0.488466
0.490997 34.6909 6.30242 8.18748 37.5095 6.6917 3.74304 34.2345 6.71473 8.82688 35.6855 6.37872 8.31704 28.3163 5.26589 7.3108 0.488466 0.493528
0.496060 33.0832 6.11747 7.71945 34.9888 6.64662 3.3558 32.7747 6.38899 8.42421 33.9467 6.42512 7.64439 27.549 4.37263 7.6134 0.493528 0.498591
0.501122 31.3811 5.79612 7.35203 33.0503 6.31947 2.85373 31.1109 6.00803 8.10281 32.403 6.14811 7.51454 24.8322 4.51217 6.38452 0.498591 0.503654
0.506185 29.7294 5.2943 7.21273 31.6662 5.56725 2.79764 29.4159 5.44977 7.74209 30.669 5.44403 7.21667 23.7083 4.15111 6.17412 0.503654 0.508716
0.511247 27.6607 5.19136 6.47974 28.5815 4.94953 2.52241 27.5116 5.4275 7.12493 28.5819 5.38123 6.60461 21.7568 3.49811 6.24095 0.508716 0.513778
0.516310 26.1052 5.56884 5.78519 27.3606 4.93951 2.81273 25.9019 5.79675 6.34481 27.0868 5.68032 5.91744 19.8141 3.74126 5.51145 0.513778 0.518841
0.521372 24.7736 5.36705 5.39339 25.8895 5.10858 2.70608 24.593 5.32264 5.87254 25.7079 5.4732 5.57953 18.7861 4.04724 5.00936 0.518841 0.523903
0.526435 23.4681 4.96294 5.3315 24.4846 5.10109 2.68466 23.3035 4.84441 5.76614 24.3411 5.04754 5.50715 17.8731 3.61392 4.94512 0.523903 0.528966
0.531497 22.6328 4.54709 5.20795 24.0925 5.55412 2.77626 22.3965 4.55646 5.64707 23.4516 4.74715 5.30474 17.3855 3.18848 5.14237 0.528966 0.534029
0.536560 21.505 4.34856 5.122 23.6483 5.8016 2.50078 21.158 4.21666 5.45431 22.3523 4.51651 5.17523 16.0749 3.43325 4.77783 0.534029 0.539091
0.541622 20.3924 4.27006 4.71964 22.1219 6.04812 2.0802 20.1125 3.98973 5.00206 21.2373 4.39641 4.76581 14.9779 2.74807 4.57388 0.539091 0.544153
0.546685 19.6049 4.07331 4.60126 21.7888 5.22277 2.67318 19.2514 4.1712 4.94341 20.4273 4.24318 4.66269 14.3343 2.87311 4.40256 0.544153 0.549216
0.551747 18.7021 4.08412 4.41661 21.1495 5.3318 2.57855 18.3059 3.9941 4.7155 19.4421 4.27182 4.40444 13.9599 2.61699 4.52289 0.549216 0.554278
0.556810 17.7615 4.15693 4.20493 20.2121 5.17841 2.59956 17.3648 4.05417 4.47751 18.4647 4.3619 4.1244 13.2551 1.88917 4.5879 0.554278 0.559341
0.561872 16.9146 3.82882 4.11077 19.385 5.01133 2.59057 16.5146 3.80538 4.30491 17.5926 4.13293 4.04473 12.5695 1.59821 4.37539 0.559341 0.564404
0.566935 15.9435 3.67085 3.74786 18.4343 4.85324 2.45599 15.5403 3.53299 4.10402 16.5958 4.0255 3.80224 11.7635 1.60585 4.12467 0.564404 0.569466
0.571997 15.2284 3.58953 3.54138 17.7728 4.15267 2.58394 14.8165 3.58861 3.72486 15.8699 3.8616 3.51024 11.1173 1.78433 3.78978 0.569466 0.574528
0.577060 14.5268 3.48562 3.42331 16.7763 4.18543 2.29178 14.1627 3.42902 3.62381 15.1108 3.67664 3.39969 10.7846 2.03266 3.57309 0.574528 0.579592
0.582123 13.7494 3.5676 3.33923 16.4056 4.06248 2.25709 13.3194 3.65743 3.36176 14.2771 3.64935 3.32709 10.3674 1.96467 3.4471 0.579592 0.584654
0.587185 13.0379 3.42757 3.12491 15.3444 3.94181 2.17126 12.6645 3.51551 3.15922 13.633 3.39141 3.18836 9.22378 2.09686 2.75243 0.584654 0.589717
0.592248 12.6473 3.33641 3.07928 15.2277 3.46943 2.51674 12.2295 3.48128 3.05556 13.2188 3.49542 3.04139 8.98448 1.62272 3.01125 0.589717 0.594779
0.597310 11.9261 3.15911 2.82642 14.2656 3.59705 2.37945 11.5474 3.23788 2.81282 12.4779 3.37158 2.85098 8.38975 1.7443 2.67214 0.594779 0.599841
0.602373 11.3512 2.9007 2.81165 13.5168 3.17837 2.01799 11.0006 3.01913 2.76434 11.9053 3.0863 2.83632 7.80033 1.93666 2.45287 0.599841 0.604904
0.607435 10.7951 2.83352 2.66291 13.175 3.19767 2.08045 10.4098 2.9784 2.52897 11.3263 2.91267 2.65848 7.39066 2.16559 2.32879 0.604904 0.609967
0.612498 10.4729 2.81724 2.6196 12.606 3.21832 2.18203 10.1276 2.8457 2.51529 10.9942 2.99541 2.62712 7.13242 1.90641 2.22324 0.609967 0.615029
0.617560 9.96799 2.609 2.50725 12.3971 3.15375 2.53317 9.57474 2.70943 2.40269 10.4506 2.85369 2.5695 6.87495 1.791 2.28825 0.615029 0.620092
0.622623 9.58623 2.54123 2.4462 11.751 2.87981 2.42388 9.23578 2.58093 2.32895 10.0252 2.66963 2.4513 6.77333 1.68632 2.22661 0.620092 0.625154
0.627685 9.1362 2.38223 2.34188 11.5589 2.73445 2.33365 8.744 2.46618 2.21162 9.53872 2.43378 2.34634 6.55661 1.83668 2.13772 0.625154 0.630216
0.632748 8.58206 2.35324 2.10678 10.8145 3.0383 2.20095 8.22066 2.44737 1.98399 8.97043 2.3688 2.14069 6.09319 1.55469 1.96166 0.630216 0.635279
0.637810 8.31727 2.24556 2.0588 10.0361 3.08656 1.93028 8.03902 2.37121 2.01571 8.68643 2.2997 2.0868 5.95144 1.5889 1.97349 0.635279 0.640342
0.642873 7.95452 2.19611 1.94432 9.42842 3.31136 1.6683 7.71591 2.29481 1.87536 8.26327 2.18297 1.9538 5.97581 2.10638 1.76377 0.640342 0.645404
0.647935 7.77296 2.25138 1.96668 9.14478 3.60936 1.65547 7.55088 2.3148 1.91781 8.08072 2.23104 1.94566 5.80071 2.31836 1.80593 0.645404 0.650466
0.652998 7.40192 2.18119 1.83341 8.73785 3.67681 1.55493 7.18565 2.27279 1.77425 7.70224 2.06777 1.88538 5.47729 2.56537 1.56532 0.650466 0.655529
0.658060 7.27499 2.1487 1.86869 8.88348 3.68931 1.63892 7.01459 2.12841 1.82065 7.55831 2.1232 1.91309 5.45931 2.25157 1.65466 0.655529 0.660591
0.663123 6.95032 2.13131 1.78376 8.65076 3.74632 1.84379 6.67504 2.07899 1.72597 7.23082 1.96637 1.81761 5.15274 2.86201 1.37351 0.660591 0.665654
0.668185 6.75617 1.92288 1.73645 8.60476 3.89791 1.7601 6.45691 2.03488 1.66852 7.04299 1.98229 1.79546 4.91805 2.00892 1.44678 0.665654 0.670717
0.673248 6.61721 1.87607 1.77035 8.40582 2.86261 1.91204 6.32765 1.92041 1.67711 6.88847 1.86382 1.78982 4.8788 1.79811 1.48553 0.670717 0.675779
0.678310 6.32225 1.69745 1.6923 8.0566 3.0554 1.63541 6.04147 1.74577 1.61307 6.61942 1.74771 1.74275 4.41774 1.32606 1.32161 0.675779 0.680841
0.684006 6.05727 1.75161 1.53546 7.40502 2.67357 1.52505 5.83908 1.76575 1.49727 6.28012 1.85114 1.55185 4.62914 1.18396 1.5284 0.680841 0.687170
0.690967 5.87393 1.57023 1.57404 7.21296 2.82123 1.29955 5.65715 1.58129 1.54193 6.08099 1.59709 1.596 4.54697 1.14883 1.50114 0.687170 0.694764
0.698560 5.62331 1.39426 1.60581 6.95174 2.54855 1.43286 5.40826 1.39981 1.55716 5.82789 1.47818 1.57633 4.31224 0.880115 1.52748 0.694764 0.702357
0.706154 5.34613 1.36537 1.52378 6.78922 1.68533 1.7687 5.11252 1.36834 1.46193 5.56718 1.44866 1.54638 3.92951 0.780598 1.44644 0.702357 0.709951
0.713748 5.24106 1.43554 1.56458 6.65882 1.52646 2.01034 5.01154 1.48 1.48918 5.40768 1.56321 1.57434 4.17324 1.03718 1.69118 0.709951 0.717545
0.721342 4.77565 1.30531 1.4202 6.74565 1.44347 1.97181 4.45672 1.39811 1.21429 4.97579 1.33496 1.45753 3.49302 1.15228 1.23008 0.717545 0.725139
0.728935 4.46054 1.08529 1.34603 6.25369 1.53982 1.74613 4.17026 1.15449 1.12649 4.64782 1.13109 1.34678 3.26037 1.12332 1.13986 0.725139 0.732732
0.736529 4.29108 1.04807 1.25465 5.89987 1.71338 1.52029 4.03063 1.07502 1.12512 4.44169 1.08266 1.30885 3.32589 0.923204 1.34393 0.732732 0.740326
0.744123 4.08911 1.0272 1.24749 6.30263 1.72161 1.95294 3.73076 1.0197 1.08382 4.1581 1.00957 1.24386 3.64699 1.22041 1.53933 0.740326 0.747920
0.751717 3.86082 0.860617 1.21711 6.24445 1.52015 1.98007 3.47493 0.940248 1.01283 3.9554 0.888803 1.21842 3.25467 0.934103 1.3349 0.747920 0.755513
0.759310 3.80006 0.798879 1.22451 6.15111 1.21819 2.00088 3.41945 0.869764 1.0345 3.93032 0.771981 1.23061 2.96524 1.23113 1.13681 0.755513 0.763107
0.766904 3.59057 0.685496 1.1814 6.10212 1.15801 1.92127 3.18398 0.85496 0.952631 3.74581 0.705142 1.18984 2.5957 0.661904 1.02344 0.763107 0.770701
0.774498 3.51099 0.608665 1.20709 6.2465 1.21049 2.05086 3.06814 0.735417 0.99188 3.58986 0.662106 1.18619 3.00551 0.582581 1.35398 0.770701 0.778295
0.782092 3.40194 0.657323 1.17724 6.55563 1.57715 2.19711 2.89139 0.80616 0.900683 3.47503 0.64789 1.13203 2.93353 0.789036 1.31019 0.778295 0.785888
0.789685 3.31765 0.628894 1.18566 6.31328 1.48341 2.36233 2.83269 0.751567 0.888718 3.38038 0.662804 1.14744 2.91565 0.617522 1.37158 0.785888 0.793482
0.797279 3.28761 0.572697 1.21813 6.72055 1.59727 2.68832 2.73185 0.651476 0.879873 3.36598 0.594202 1.2058 2.78533 0.593958 1.33273 0.793482 0.801076
0.804873 3.18001 0.658157 1.15386 6.57623 1.46455 2.77825 2.6302 0.741878 0.878086 3.31841 0.67685 1.1991 2.29303 0.700713 0.934338 0.801076 0.808670
0.812467 2.95698 0.599796 1.09035 6.40296 1.09896 2.649 2.39911 0.672565 0.770763 3.08558 0.62847 1.14843 2.13285 0.442088 0.886126 0.808670 0.816263
0.820060 2.79437 0.632191 1.0278 6.19244 1.23547 2.62348 2.24426 0.675754 0.717898 2.92745 0.649436 1.08135 1.94152 0.372389 0.738696 0.816263 0.823857
0.827654 2.90175 0.520972 1.13689 6.39688 1.26721 2.86718 2.33593 0.619822 0.803979 3.05039 0.525386 1.20141 1.94917 0.505704 0.784646 0.823857 0.831451
0.835248 2.81628 0.759366 1.09784 6.08219 1.32029 2.63133 2.28757 0.678817 0.7757 2.95848 0.724155 1.14542 1.90499 0.708598 0.721044 0.831451 0.839045
0.842842 2.67496 0.797275 1.07029 6.15047 2.44833 2.37611 2.11232 0.601688 0.686372 2.80054 0.864133 1.10815 1.87016 0.356832 0.845424 0.839045 0.846639
0.850435 2.5782 0.775094 1.02201 6.158 2.54258 2.55987 1.99867 0.627471 0.622191 2.69147 0.770346 1.04987 1.85229 0.731735 0.742741 0.846639 0.854232
0.858029 2.64473 0.469966 1.14781 6.71748 2.18958 3.33315 1.9854 0.52166 0.693987 2.77815 0.494617 1.19823 1.78968 0.287964 0.844581 0.854232 0.861826
0.865623 2.4706 0.565124 1.03987 6.16887 2.83936 2.91812 1.87189 0.508891 0.660755 2.59696 0.644251 1.08801 1.66078 0.26047 0.746851 0.861826 0.869420
0.873217 2.28409 0.666968 0.937749 5.85043 2.95471 2.45278 1.70673 0.532383 0.583388 2.39025 0.705571 0.975639 1.60373 0.267074 0.726674 0.869420 0.877014
0.880810 2.18985 0.676671 0.936565 5.74993 3.26344 2.51473 1.61351 0.485598 0.565923 2.30822 0.697985 0.984707 1.43126 0.280538 0.628235 0.877014 0.884607
0.888404 2.18956 0.695479 0.95182 5.84546 3.73064 2.50131 1.59772 0.436072 0.582793 2.33587 0.73284 1.02279 1.25194 0.348432 0.526639 0.884607 0.892201
0.895998 2.22978 0.694219 1.03121 6.30843 4.18963 3.01596 1.56949 0.360596 0.594566 2.35335 0.744001 1.09423 1.43785 0.424069 0.631885 0.892201 0.899795
0.903592 2.08989 0.684208 0.959564 5.76266 5.35221 2.47203 1.49531 0.27956 0.586324 2.246 0.744032 1.04516 1.08944 0.438181 0.404826 0.899795 0.907389
0.911185 2.07482 0.714607 0.974666 6.49855 6.0266 2.96223 1.35866 0.274947 0.526485 2.18781 0.701689 1.03514 1.3507 0.460668 0.657458 0.907389 0.914982
0.918779 2.18934 0.575186 1.12801 6.92005 6.31174 3.44198 1.42349 0.158726 0.631504 2.36669 0.619851 1.2409 1.05277 0.431402 0.478292 0.914982 0.922576
0.926373 2.12182 0.763475 1.08983 7.4319 6.99866 3.68011 1.26218 0.179672 0.534222 2.2848 0.762628 1.19369 1.07735 0.42434 0.502053 0.922576 0.930170
0.933967 2.10138 0.599168 1.10466 7.16921 7.25111 3.40121 1.28096 0.0698762 0.58948 2.25394 0.653558 1.1924 1.12368 0.180161 0.594488 0.930170 0.937763
0.941560 2.12804 0.585336 1.19172 7.96366 7.13734 4.32779 1.18331 0.021998 0.540526 2.29579 0.572481 1.29308 1.05297 0.273168 0.544784 0.937763 0.945357
0.949154 1.98848 0.506157 1.07956 7.86061 7.66321 4.15913 1.03785 0.00219102 0.436803 2.1386 0.580185 1.16324 1.02643 0.108059 0.539687 0.945357 0.952951
0.956748 1.9223 0.627095 1.04861 9.74687 7.33013 5.23541 0.65559 0.0852338 0.198762 2.08384 0.646351 1.14635 0.887058 0.188462 0.435619 0.952951 0.960545
0.964342 0 0 0 0 0 0 0 0 0 0 0 0 0 0 0 0.960545 0.968138
0.971935 0 0 0 0 0 0 0 0 0 0 0 0 0 0 0 0.968138 0.975732
0.979529 0 0 0 0 0 0 0 0 0 0 0 0 0 0 0 0.975732 0.983326
0.987123 0 0 0 0 0 0 0 0 0 0 0 0 0 0 0 0.983326 0.990920
0.994717 0 0 0 0 0 0 0 0 0 0 0 0 0 0 0 0.990920 0.998514
1.000412 0 0 0 0 0 0 0 0 0 0 0 0 0 0 0 0.998514 1.002310
