#Peak halo mass range: 10.375 < log10(Mh/Msun) < 10.625
#Quenched threshold: True SFR / True SM < 1e-11 / yr
#True SFHs in units of Msun/yr.
#See documentation for explanation of true vs. observed SFRs and SMs.
#Bestfit halos in bin: 1.48851e+06
#Bestfit SF halos in bin: 1.47101e+06
#Bestfit Q halos in bin: 17494
#Bestfit central halos in bin: 1.15091e+06
#Bestfit satellite halos in bin: 337595
#Avg_scale_factor <SFH_all> Err+ Err- <SFH_SF> Err+ Err- <SFH_Q> Err+ Err- <SFH_Cen> Err+ Err- <SFH_Sat> Err+ Err- Scale_factor_begin Scale_factor_end
0.028936 0 0 0 0 0 0 0 0 0 0 0 0 0 0 0 0.000000 0.057873
0.059561 0 9.95998e-08 0 0 1.0015e-07 0 0 0 0 0 0 0 0 3.95043e-07 0 0.057873 0.061248
0.062373 0 6.04705e-08 0 0 6.08975e-08 0 0 0 0 0 0 0 0 2.40537e-07 0 0.061248 0.063498
0.064623 1.02765e-09 7.20824e-08 8.32194e-10 1.03987e-09 7.32622e-08 8.78813e-10 0 0 0 0 0 0 4.53107e-09 2.9426e-07 3.69786e-09 0.063498 0.065748
0.066873 6.5024e-08 1.6721e-07 4.59061e-08 3.68983e-08 1.15412e-07 2.70952e-08 2.43003e-06 3.49868e-06 2.20632e-06 0 0 0 2.86701e-07 6.99258e-07 2.07159e-07 0.065748 0.067998
0.069123 3.40821e-07 6.64277e-07 2.19505e-07 2.14597e-07 5.0485e-07 1.42908e-07 1.09546e-05 1.82637e-05 9.17037e-06 0 0 0 1.50273e-06 2.59685e-06 1.01014e-06 0.067998 0.070248
0.071373 7.22519e-07 1.73266e-06 4.12884e-07 6.19612e-07 1.28457e-06 3.72617e-07 9.37564e-06 4.88044e-05 4.63424e-06 0 0 0 3.18569e-06 6.74488e-06 1.87876e-06 0.070248 0.072498
0.073623 1.29415e-06 3.01291e-06 6.53579e-07 1.05933e-06 2.38427e-06 5.17818e-07 2.10394e-05 7.47122e-05 1.02626e-05 3.51601e-08 4.96614e-08 2.68002e-08 5.58623e-06 1.17965e-05 2.82877e-06 0.072498 0.074748
0.075873 2.84167e-06 4.91253e-06 1.44413e-06 2.14022e-06 3.85417e-06 9.93428e-07 6.18241e-05 0.000129691 3.25318e-05 1.5946e-07 1.68226e-07 1.13304e-07 1.19857e-05 1.89349e-05 5.96521e-06 0.074748 0.076998
0.078123 5.19542e-06 7.96364e-06 2.55493e-06 4.10411e-06 6.10135e-06 2.03149e-06 9.69608e-05 0.000211593 4.02598e-05 5.1862e-07 4.62473e-07 3.0461e-07 2.11393e-05 3.04355e-05 1.0726e-05 0.076998 0.079248
0.080373 8.62376e-06 1.39865e-05 3.36371e-06 6.88695e-06 1.07535e-05 3.0262e-06 0.000154667 0.000433939 3.35256e-05 8.77409e-07 7.76264e-07 4.88907e-07 3.50322e-05 5.23148e-05 1.409e-05 0.079248 0.081498
0.082904 1.38146e-05 1.92972e-05 5.17342e-06 1.12921e-05 1.54296e-05 4.85064e-06 0.000225923 0.000624741 1.30332e-05 1.37356e-06 1.27861e-06 7.49544e-07 5.6228e-05 7.37281e-05 2.1734e-05 0.081498 0.084311
0.085998 2.54155e-05 3.25717e-05 8.35207e-06 2.04847e-05 2.875e-05 6.65664e-06 0.000440031 0.000849337 0.000101628 3.20453e-06 3.09578e-06 1.69378e-06 0.000101136 0.000127153 3.54448e-05 0.084311 0.087685
0.089373 4.14325e-05 5.50411e-05 1.17168e-05 3.40322e-05 4.63287e-05 9.07937e-06 0.000663698 0.00124143 0.000132213 6.41262e-06 5.54128e-06 3.26206e-06 0.000160821 0.000194292 4.54637e-05 0.087685 0.091061
0.092748 6.87082e-05 8.83804e-05 1.79012e-05 5.71059e-05 7.61522e-05 1.3757e-05 0.0010443 0.00191074 0.000195001 1.41518e-05 1.23804e-05 6.40341e-06 0.000254699 0.000308395 6.59881e-05 0.091061 0.094435
0.096123 0.000103911 0.000126454 2.57529e-05 8.69229e-05 0.000109291 1.95248e-05 0.00153235 0.00287524 0.000266938 2.65641e-05 2.19139e-05 1.13604e-05 0.000367596 0.000446756 8.592e-05 0.094435 0.097811
0.099498 0.000150552 0.000173303 3.40344e-05 0.000130426 0.000153142 3.06197e-05 0.00184285 0.00389541 0.000325902 4.84148e-05 3.51897e-05 1.92918e-05 0.000498752 0.00059968 0.000101701 0.097811 0.101186
0.102873 0.00021979 0.000234487 5.25968e-05 0.000193063 0.000215789 4.32446e-05 0.00246718 0.00459071 0.00044983 8.46956e-05 6.08318e-05 3.16676e-05 0.000680347 0.000759429 0.00013674 0.101186 0.104560
0.106248 0.000314871 0.000312594 6.65881e-05 0.000280737 0.000285432 5.87511e-05 0.00318511 0.00519532 0.000551434 0.000130125 8.84757e-05 4.67802e-05 0.0009447 0.000956163 0.000182202 0.104560 0.107936
0.109623 0.000421537 0.000394621 7.44186e-05 0.000377659 0.000367817 6.36242e-05 0.00411103 0.00671076 0.000731147 0.00018495 0.000129765 6.07129e-05 0.0012281 0.00121859 0.000202912 0.107936 0.111310
0.112998 0.000543596 0.000508345 8.71947e-05 0.000492155 0.000473246 7.99895e-05 0.00486916 0.00819551 0.000765862 0.000258608 0.000169749 7.92426e-05 0.00151517 0.00144712 0.000220376 0.111310 0.114686
0.116373 0.000662767 0.000601059 9.89519e-05 0.000604439 0.000563576 0.00010394 0.00556738 0.00922874 0.00101843 0.000331156 0.000214235 8.91254e-05 0.00179328 0.00168666 0.000199113 0.114686 0.118060
0.119748 0.000796119 0.000713041 0.000108492 0.000731452 0.00065185 0.000131272 0.00623378 0.0103441 0.000712618 0.000416738 0.00026502 0.00010917 0.00208949 0.00187359 0.000238083 0.118060 0.121435
0.123123 0.000939665 0.000786694 0.000123099 0.000863962 0.000730514 0.000123159 0.00730533 0.0112195 0.000867585 0.000509301 0.000325146 0.000123405 0.00240684 0.00217568 0.000242084 0.121435 0.124811
0.126498 0.00109794 0.000867817 0.000143429 0.00101305 0.000807141 0.000130997 0.00823562 0.0123703 0.000767037 0.000612407 0.000389707 0.000146231 0.00275319 0.00226817 0.000227366 0.124811 0.128185
0.129873 0.00126953 0.000931351 0.000141113 0.00117682 0.000852353 0.000147443 0.00906526 0.0126184 0.000362299 0.000733865 0.000431402 0.000160475 0.00309571 0.00241514 0.000198141 0.128185 0.131561
0.133248 0.00146201 0.000976954 0.000163367 0.00136102 0.000884871 0.000161623 0.00995383 0.0138384 9.48897e-05 0.000866951 0.000460664 0.00017981 0.00349065 0.00259693 0.000220243 0.131561 0.134935
0.137045 0.00165853 0.00104654 0.000189929 0.00155306 0.000962782 0.000192786 0.0105272 0.0145844 9.85395e-05 0.00101474 0.000523269 0.000209966 0.00385331 0.00265868 0.000326698 0.134935 0.139154
0.141685 0.00197029 0.00118091 0.000219084 0.00185788 0.00111327 0.000213692 0.0114231 0.0151969 4.60222e-05 0.00125797 0.000664594 0.000234685 0.00439873 0.00281179 0.000347755 0.139154 0.144217
0.146748 0.0022819 0.00136485 0.000240656 0.00216554 0.00127767 0.000263643 0.0120665 0.0153654 -3.41488e-05 0.0015104 0.000760399 0.000279652 0.00491209 0.00296477 0.000328818 0.144217 0.149279
0.151810 0.00256624 0.00150922 0.000293465 0.00244488 0.00141322 0.000320848 0.012771 0.0152235 0.000169222 0.00175769 0.000866706 0.000312167 0.00532269 0.00327631 0.000365736 0.149279 0.154342
0.156873 0.00285654 0.00159921 0.000302284 0.00273398 0.00153445 0.000333998 0.0131624 0.0147818 0.000255059 0.00201501 0.000958873 0.000315454 0.00572543 0.00344656 0.000405398 0.154342 0.159404
0.161935 0.00311648 0.00164141 0.000328114 0.00298996 0.00162693 0.000361636 0.0137554 0.0147119 0.000217173 0.00224908 0.00100924 0.000383824 0.00607358 0.00345583 0.000459295 0.159404 0.164467
0.166998 0.00334813 0.00161957 0.00036219 0.00322011 0.00157322 0.000379812 0.0141125 0.0145342 0.00027955 0.00247014 0.00103234 0.000426621 0.00634131 0.0033174 0.0005353 0.164467 0.169529
0.172060 0.00347793 0.00154631 0.000413537 0.00334817 0.0014917 0.000418515 0.0143892 0.0138501 0.000449552 0.00259352 0.00110013 0.000456184 0.00649302 0.00314959 0.000548851 0.169529 0.174591
0.177123 0.00349191 0.00148932 0.000438886 0.0033582 0.00144901 0.000434525 0.0147346 0.0133408 0.000411264 0.0026117 0.000992321 0.00052686 0.00649267 0.00288411 0.000642087 0.174591 0.179654
0.182185 0.00346298 0.00141568 0.000492044 0.00333735 0.00136259 0.000461995 0.0140266 0.0128218 0.000370862 0.00259102 0.000965114 0.00054281 0.00643564 0.00267304 0.000717658 0.179654 0.184716
0.187248 0.00344766 0.00133324 0.000532482 0.00332524 0.00130057 0.000518654 0.0137413 0.0123788 0.000630885 0.00259565 0.000978473 0.000574412 0.00635227 0.00250087 0.000670803 0.184716 0.189779
0.192310 0.00344756 0.00131493 0.00057353 0.00332827 0.00125671 0.000574331 0.0134788 0.0116502 0.000849523 0.00260575 0.000951675 0.000583733 0.00631744 0.00238889 0.000720847 0.189779 0.194842
0.197373 0.00342841 0.0012638 0.000550424 0.00331164 0.0012548 0.000576451 0.0132475 0.0109513 0.000668518 0.00260145 0.000893853 0.00060607 0.00624763 0.00223084 0.00077038 0.194842 0.199904
0.202435 0.00340562 0.0012428 0.00058529 0.00329349 0.00120723 0.000591846 0.012834 0.0103546 0.000751457 0.00260518 0.00083755 0.00063216 0.00613443 0.00220997 0.000811167 0.199904 0.204967
0.207498 0.00338567 0.00119118 0.000618093 0.00327575 0.00112403 0.000632041 0.0126287 0.00947499 0.00098797 0.00259967 0.000850181 0.000620581 0.00606526 0.00208241 0.000871573 0.204967 0.210029
0.212560 0.00335484 0.00113566 0.00065479 0.00324813 0.00109147 0.000648054 0.0123283 0.00868646 0.000960467 0.00259108 0.000802941 0.00063649 0.00595865 0.00191155 0.000960321 0.210029 0.215091
0.217623 0.00332996 0.0010426 0.000696188 0.0032245 0.000991566 0.000669061 0.0121982 0.00788832 0.000894517 0.00258175 0.000744332 0.000669875 0.00588072 0.00178876 0.00100717 0.215091 0.220154
0.222685 0.00317291 0.000898975 0.000690197 0.00307145 0.000884696 0.000669983 0.0117046 0.00730658 0.000979765 0.00243763 0.000631491 0.000666356 0.00567959 0.00170501 0.000998484 0.220154 0.225217
0.227748 0.0030705 0.000786368 0.000672274 0.00297263 0.000764606 0.000657477 0.0112996 0.00678563 0.000979094 0.00235714 0.000578549 0.000671665 0.00550243 0.00151286 0.000978905 0.225217 0.230279
0.232810 0.00301456 0.000722795 0.000699139 0.00291944 0.000696984 0.000679461 0.0110137 0.00664625 0.00105333 0.00231734 0.000538763 0.00067454 0.00539151 0.00130065 0.000971133 0.230279 0.235342
0.237873 0.00296454 0.000676845 0.000677024 0.00287037 0.000662357 0.000667464 0.0108829 0.00620334 0.00106111 0.00228072 0.000522551 0.000671752 0.00529575 0.00123461 0.00102339 0.235342 0.240404
0.242935 0.00294008 0.000658531 0.000723489 0.00284778 0.000652007 0.000708289 0.0107014 0.00593083 0.00104436 0.00227113 0.00049603 0.000679572 0.00522065 0.00112744 0.00102728 0.240404 0.245467
0.247998 0.00292144 0.000653891 0.000727409 0.00283158 0.000625804 0.000724263 0.0104769 0.00578196 0.00114581 0.00226055 0.000467958 0.00070096 0.00517448 0.00110739 0.00105805 0.245467 0.250529
0.253060 0.00291698 0.000594134 0.000741624 0.00282862 0.000605749 0.000727992 0.0103465 0.00534508 0.00127263 0.0022647 0.00048581 0.000714316 0.00514071 0.00107038 0.00107338 0.250529 0.255592
0.258123 0.00289896 0.000574348 0.000756179 0.00281084 0.000577525 0.000752074 0.0103086 0.00500142 0.00138548 0.00225505 0.000433051 0.000726317 0.00509414 0.000994673 0.00111823 0.255592 0.260654
0.263185 0.00290187 0.000562319 0.000774258 0.00281641 0.000566829 0.000781536 0.010088 0.00464594 0.00139077 0.00226477 0.000419132 0.000752657 0.00507383 0.000960028 0.00116465 0.260654 0.265716
0.268248 0.00290182 0.000553524 0.000794559 0.0028166 0.000548084 0.000793166 0.0100676 0.00448581 0.00139956 0.00227529 0.00044655 0.00076352 0.00503778 0.000951387 0.00119167 0.265716 0.270779
0.273310 0.00290205 0.000552227 0.000820228 0.00281703 0.00052868 0.000818882 0.0100518 0.00417246 0.00158443 0.00228207 0.000432469 0.000779313 0.00501566 0.000921321 0.00124587 0.270779 0.275842
0.278373 0.00290809 0.000553665 0.000871639 0.00282453 0.000527258 0.000859763 0.00993421 0.00417249 0.00158802 0.00229856 0.00043734 0.000788657 0.00498606 0.000960004 0.00127851 0.275842 0.280904
0.283435 0.00290887 0.000582596 0.000882925 0.00282526 0.000572363 0.000867122 0.00993924 0.00398963 0.00167942 0.00230074 0.000452638 0.000807456 0.00498206 0.000992212 0.00131479 0.280904 0.285967
0.288498 0.00291019 0.000615077 0.000893007 0.00282665 0.000593787 0.000884725 0.00993472 0.00397051 0.00166427 0.00230884 0.00047405 0.000846152 0.00496028 0.000956278 0.0013448 0.285967 0.291029
0.293560 0.0029185 0.000612696 0.000914498 0.00283704 0.000577893 0.000908546 0.00976769 0.00401014 0.00163485 0.0023223 0.000474442 0.000857915 0.00495103 0.000972234 0.00136207 0.291029 0.296091
0.298623 0.00293132 0.00062583 0.000939407 0.00285016 0.000594385 0.000926635 0.00975616 0.00390692 0.00166761 0.00233756 0.000486697 0.00088092 0.00495557 0.000957382 0.00140484 0.296091 0.301154
0.303685 0.00295195 0.000626992 0.000959516 0.00287002 0.000600159 0.000954516 0.00984176 0.00385325 0.00173211 0.00235998 0.000505631 0.000892587 0.00497009 0.000976476 0.00143576 0.301154 0.306217
0.308748 0.00296767 0.000634095 0.000967893 0.00288449 0.000605292 0.000975304 0.00996237 0.00381722 0.00175297 0.00237526 0.00052127 0.000908946 0.00498728 0.00100438 0.00147243 0.306217 0.311279
0.313810 0.00299148 0.000646168 0.00101251 0.00290925 0.000613519 0.00100033 0.00990617 0.00379322 0.00174221 0.00239857 0.000537002 0.000929309 0.0050128 0.00101961 0.00149992 0.311279 0.316341
0.318873 0.0030099 0.000668817 0.00103134 0.00292673 0.000605987 0.00101864 0.0100033 0.00378117 0.0017688 0.00241895 0.000515084 0.000947664 0.00502455 0.000991274 0.00152003 0.316341 0.321404
0.323935 0.00303036 0.000687375 0.00104564 0.00294648 0.000622777 0.00103452 0.0100833 0.00379751 0.00179184 0.00243653 0.0005257 0.000964526 0.00505481 0.000983504 0.00154675 0.321404 0.326466
0.328997 0.00305169 0.00069267 0.00106826 0.00296775 0.00063666 0.00104998 0.0101096 0.00376731 0.00174494 0.00245466 0.000529996 0.000981104 0.00508705 0.00102625 0.0015699 0.326466 0.331528
0.334060 0.00307757 0.000696238 0.00108106 0.00299294 0.000643195 0.00106699 0.0101939 0.00382979 0.00174057 0.00247867 0.000549278 0.00100592 0.00511929 0.00101474 0.00156485 0.331528 0.336591
0.339122 0.00310738 0.00069866 0.00110373 0.00302193 0.000646172 0.00108388 0.0102922 0.00384955 0.00181598 0.00250508 0.000566916 0.00102057 0.0051607 0.00101986 0.00157963 0.336591 0.341653
0.344185 0.0031406 0.00069955 0.0011267 0.00305436 0.000647617 0.00110098 0.0103924 0.00393892 0.00182541 0.00253437 0.000581313 0.00103221 0.00520735 0.0010324 0.00159282 0.341653 0.346716
0.349247 0.00317402 0.000699064 0.00115068 0.00308556 0.000648163 0.00111738 0.0106124 0.00392976 0.00184682 0.00256391 0.000586212 0.00104859 0.00525395 0.000982199 0.00162963 0.346716 0.351779
0.354310 0.00320899 0.000690549 0.0011733 0.00311793 0.000644419 0.00114665 0.0108657 0.00403097 0.00190652 0.00259056 0.000580522 0.00106278 0.00531731 0.000954873 0.00166481 0.351779 0.356841
0.359372 0.00324568 0.000677197 0.00119983 0.00315395 0.00063875 0.00116068 0.0109594 0.00388884 0.00199293 0.00262311 0.000561204 0.0010796 0.00536813 0.000927258 0.00167365 0.356841 0.361903
0.364435 0.0032844 0.000677513 0.00121751 0.00319209 0.000665963 0.00117399 0.0110468 0.00410592 0.00192884 0.00265508 0.000540802 0.00109758 0.00542986 0.000918213 0.00168145 0.361903 0.366966
0.369497 0.00332729 0.000676285 0.00123679 0.00323334 0.000651159 0.00119573 0.011227 0.00425428 0.00189115 0.00268931 0.000523958 0.00112484 0.00550223 0.000901841 0.00170684 0.366966 0.372028
0.374560 0.0033653 0.000655938 0.001255 0.00326985 0.000657053 0.00122517 0.0113918 0.00425059 0.00197047 0.0027201 0.000535541 0.0011353 0.00556492 0.000919899 0.00173249 0.372028 0.377091
0.379622 0.00341692 0.000635397 0.00127589 0.00332097 0.000640186 0.00125613 0.0114842 0.00436418 0.0020355 0.00276058 0.000547687 0.00116261 0.00565448 0.000904059 0.00177248 0.377091 0.382154
0.384685 0.00347751 0.000640794 0.00130116 0.00337868 0.000612361 0.00127396 0.0117881 0.00450191 0.00209129 0.00281261 0.000555953 0.00119479 0.00574428 0.000876488 0.00181826 0.382154 0.387216
0.389747 0.00353443 0.00061542 0.001324 0.00343328 0.000594707 0.00129234 0.0120395 0.00459726 0.00217677 0.00286101 0.000552029 0.00122482 0.00583022 0.000837904 0.00185874 0.387216 0.392278
0.394810 0.0035878 0.000589513 0.0013458 0.0034854 0.000581626 0.0013075 0.0121982 0.00468044 0.00221504 0.0029057 0.000538024 0.0012518 0.00591317 0.000805152 0.00189137 0.392278 0.397341
0.399872 0.00363186 0.000564664 0.00136276 0.00352697 0.00055879 0.00131709 0.0124517 0.00486397 0.00233926 0.00293698 0.000519993 0.00125967 0.00600082 0.000790955 0.00192312 0.397341 0.402404
0.404935 0.00368979 0.000534154 0.00138519 0.00358303 0.000546296 0.00133334 0.0126675 0.00480118 0.00245772 0.0029806 0.000504257 0.00126979 0.00610755 0.0007548 0.00197026 0.402404 0.407466
0.409997 0.00374724 0.000538039 0.00139158 0.00363848 0.000525579 0.00135635 0.0128921 0.00491969 0.00257221 0.00302199 0.000486811 0.001296 0.00621973 0.000710559 0.00201365 0.407466 0.412529
0.415060 0.00381206 0.000547698 0.00140417 0.0037007 0.000528687 0.00136998 0.0131759 0.0050833 0.00267577 0.00307343 0.000469882 0.00131497 0.00633013 0.000669622 0.00206004 0.412529 0.417591
0.420122 0.00387351 0.00055117 0.00141209 0.00376064 0.000530611 0.00137673 0.0133636 0.00514887 0.00270176 0.00312517 0.000449081 0.0013332 0.00642471 0.00062889 0.00209372 0.417591 0.422653
0.425185 0.00395013 0.000522367 0.00142302 0.00383517 0.000513983 0.00139863 0.0136165 0.00526354 0.00272358 0.00319242 0.000443386 0.0013568 0.00653328 0.000590401 0.00212668 0.422653 0.427716
0.430247 0.00402453 0.000495379 0.00145617 0.00390716 0.000491313 0.00142756 0.013894 0.0056412 0.00280212 0.00324955 0.000415462 0.0013754 0.00666659 0.000554533 0.00217127 0.427716 0.432779
0.435310 0.0040997 0.000468417 0.001496 0.0039818 0.000470599 0.00144834 0.0140139 0.00559656 0.00273304 0.00331403 0.000398972 0.00140003 0.00677819 0.000574052 0.00218432 0.432779 0.437841
0.440372 0.00416738 0.000443735 0.00153003 0.00404799 0.000443397 0.00147767 0.0142069 0.00572308 0.00276064 0.00336989 0.000400076 0.0014192 0.00688616 0.000550703 0.00221712 0.437841 0.442903
0.445435 0.00424289 0.000419792 0.00156529 0.00412237 0.000420882 0.00150522 0.0143772 0.00579384 0.00268692 0.00343418 0.000391404 0.00144163 0.0069999 0.000527116 0.00224978 0.442903 0.447966
0.450497 0.00431375 0.000402169 0.00159943 0.0041896 0.000402183 0.00153754 0.014753 0.00583722 0.00277977 0.0034951 0.000386116 0.00146202 0.00710465 0.000520325 0.00225796 0.447966 0.453029
0.455560 0.00441104 0.000406596 0.00163211 0.00428537 0.000393113 0.00157782 0.0149784 0.00599325 0.00279253 0.00357693 0.000382636 0.00148806 0.00725465 0.000474222 0.00229678 0.453029 0.458091
0.460622 0.00449726 0.000409042 0.00163888 0.00436745 0.000385099 0.00160926 0.0154122 0.00624342 0.00300454 0.00364612 0.000363132 0.00151296 0.00739892 0.000504101 0.00232836 0.458091 0.463154
0.465685 0.00457794 0.000385534 0.00165777 0.00444661 0.000356515 0.00161465 0.015621 0.00630666 0.00300945 0.00371338 0.000373436 0.00153323 0.00752534 0.000464321 0.00236014 0.463154 0.468216
0.470747 0.00466284 0.000367906 0.00168506 0.00452762 0.000327168 0.00164018 0.0160336 0.00644586 0.00309289 0.00378355 0.000350016 0.00155422 0.00766049 0.000464178 0.00239597 0.468216 0.473278
0.475810 0.00474437 0.000342096 0.00169396 0.00460735 0.000295652 0.00167466 0.0162658 0.00681432 0.00299887 0.00385304 0.000322476 0.00157585 0.00778303 0.000476827 0.00238555 0.473278 0.478341
0.480872 0.00483914 0.000329024 0.00171349 0.00469857 0.000284291 0.00169479 0.0166595 0.00676154 0.00323794 0.00393402 0.000297439 0.00160022 0.00792483 0.00048126 0.00239913 0.478341 0.483404
0.485935 0.00494143 0.000303864 0.00173275 0.00479917 0.000287984 0.00172718 0.016903 0.00670028 0.0032828 0.00402074 0.00027238 0.00163709 0.00808018 0.000444856 0.00241313 0.483404 0.488466
0.490997 0.00503463 0.000282359 0.00175298 0.0048901 0.000282058 0.00174293 0.0171875 0.00684455 0.00338907 0.00409818 0.000251435 0.0016506 0.00822713 0.000385057 0.00240443 0.488466 0.493528
0.496060 0.00514203 0.000284826 0.00178002 0.00499428 0.000261455 0.00175903 0.0175652 0.00716476 0.00344093 0.00418413 0.000239608 0.00168733 0.00840762 0.000394956 0.0024425 0.493528 0.498591
0.501122 0.00525093 0.000260276 0.00180976 0.00510146 0.000254931 0.00178115 0.0178189 0.0073419 0.00339931 0.00427455 0.000226581 0.00172184 0.00857954 0.000411203 0.00244826 0.498591 0.503654
0.506185 0.00535741 0.000254435 0.00181954 0.00520399 0.000234271 0.00178668 0.0182578 0.00739316 0.0034889 0.00436907 0.000210289 0.00174461 0.00872682 0.000442876 0.00246085 0.503654 0.508716
0.511247 0.00546581 0.000233714 0.00182746 0.00530821 0.000211578 0.00182036 0.0187184 0.0073872 0.00353793 0.00446008 0.000206799 0.0017594 0.0088945 0.000394744 0.00249041 0.508716 0.513778
0.516310 0.0055757 0.000210817 0.00184868 0.00541805 0.000190224 0.0018289 0.0188322 0.00775102 0.00353265 0.00455422 0.000193655 0.00179991 0.00905808 0.00040989 0.00252455 0.513778 0.518841
0.521372 0.00569265 0.000187097 0.00188581 0.00553117 0.000165091 0.00186842 0.0192716 0.00788988 0.00373532 0.00465028 0.000158222 0.00184618 0.00924625 0.000389506 0.00253332 0.518841 0.523903
0.526435 0.00580772 0.000162527 0.00194038 0.00564397 0.000163881 0.00192102 0.0195768 0.0079247 0.00386895 0.00474885 0.000125284 0.0018891 0.00941756 0.000384639 0.00256093 0.523903 0.528966
0.531497 0.00590554 0.000166371 0.00195061 0.00574088 0.000168606 0.00195175 0.0197512 0.00800854 0.00390827 0.00483585 9.15723e-05 0.00191112 0.00955226 0.000425668 0.0025806 0.528966 0.534029
0.536560 0.00602726 0.000162772 0.00198852 0.00586077 0.000161827 0.00196651 0.0200262 0.00806042 0.00401278 0.00494011 8.69273e-05 0.00194685 0.00973352 0.000445348 0.00264409 0.534029 0.539091
0.541622 0.00614096 0.000141781 0.00203424 0.00597079 0.000134023 0.00199325 0.0204502 0.00789681 0.00411061 0.00503718 7.96537e-05 0.00198062 0.00990392 0.000433167 0.00267826 0.539091 0.544153
0.546685 0.00624319 0.000142468 0.00208813 0.00607058 9.93004e-05 0.00202893 0.0207579 0.00790999 0.00396914 0.0051336 5.63301e-05 0.00201143 0.010026 0.000402511 0.00272216 0.544153 0.549216
0.551747 0.00636 0.000118758 0.00214688 0.00618426 6.70808e-05 0.0020868 0.0211374 0.00792128 0.00417449 0.00523526 3.95058e-05 0.00203256 0.0101944 0.000378935 0.00274174 0.549216 0.554278
0.556810 0.00647719 8.58987e-05 0.00218608 0.0062976 3.47747e-05 0.00212487 0.0215786 0.00802406 0.00431997 0.00533484 2.71033e-05 0.00206898 0.0103716 0.0003847 0.00274676 0.554278 0.559341
0.561872 0.00658358 5.46314e-05 0.00219109 0.00640327 3.82881e-05 0.00214329 0.021745 0.00806777 0.0043801 0.00543039 1.47265e-05 0.00210674 0.010515 0.000393567 0.0027799 0.559341 0.564404
0.566935 0.00670616 3.03816e-05 0.00221275 0.0065248 2.76645e-05 0.00216712 0.0219563 0.00814463 0.00436027 0.00554065 2.23084e-05 0.00213678 0.0106795 0.000405642 0.00285355 0.564404 0.569466
0.571997 0.0068453 4.02411e-05 0.002234 0.00666408 1.7263e-05 0.00219379 0.0220836 0.00847233 0.00430107 0.00566303 3.42438e-05 0.00217781 0.0108758 0.000412526 0.00292885 0.569466 0.574528
0.577060 0.00698889 4.34304e-05 0.00229312 0.00680739 2.31499e-05 0.00224128 0.0222507 0.00856911 0.00425589 0.00579341 3.17879e-05 0.00223813 0.0110645 0.000406635 0.00298739 0.574528 0.579592
0.582123 0.00710974 2.19028e-05 0.00231268 0.00692853 3.30377e-05 0.00224894 0.0223472 0.00862879 0.0042732 0.00590394 3.86154e-05 0.00226504 0.0112205 0.000407795 0.00304386 0.579592 0.584654
0.587185 0.00722801 3.00677e-05 0.0023334 0.00704676 4.08664e-05 0.00228414 0.0224682 0.00859638 0.00433575 0.00601356 1.72686e-05 0.00229187 0.0113683 0.00040947 0.00305943 0.584654 0.589717
0.592248 0.00734342 4.23207e-05 0.00235165 0.00716122 5.16023e-05 0.00231592 0.0226645 0.00864327 0.00441588 0.00611764 1.83191e-06 0.00231659 0.0115223 0.000439147 0.00307582 0.589717 0.594779
0.597310 0.00745568 6.46166e-05 0.00237847 0.00727324 7.70367e-05 0.00234853 0.0227961 0.00868663 0.00447554 0.00622778 -5.5558e-06 0.00234358 0.0116418 0.000450471 0.00308482 0.594779 0.599841
0.602373 0.0075816 8.92598e-05 0.00241004 0.00739976 0.000105569 0.00238492 0.0228721 0.00873264 0.00445812 0.00634506 -2.78968e-05 0.00237465 0.0117971 0.00047423 0.00307862 0.599841 0.604904
0.607435 0.00769247 9.49367e-05 0.00245082 0.00751342 0.000110602 0.00241527 0.0227481 0.00869725 0.0043515 0.00644247 -5.44256e-05 0.00239586 0.0119539 0.000487922 0.00310725 0.604904 0.609967
0.612498 0.00781134 0.000102968 0.00249021 0.00763352 0.000117872 0.002458 0.0227638 0.00870708 0.00433176 0.00655303 -5.66305e-05 0.00242387 0.0121011 0.000507897 0.00312098 0.609967 0.615029
0.617560 0.00791689 0.000111404 0.00252307 0.00774042 0.000124014 0.00249423 0.0227561 0.00868641 0.004366 0.00665466 -5.75772e-05 0.00246048 0.01222 0.000531893 0.00311585 0.615029 0.620092
0.622623 0.00803011 0.000117647 0.00256426 0.00785633 0.000129503 0.002534 0.0226422 0.00854543 0.004375 0.00676262 -4.56409e-05 0.00250385 0.0123512 0.000535987 0.00315081 0.620092 0.625154
0.627685 0.00813589 0.000111895 0.00259646 0.00796302 0.000126961 0.00256733 0.0226718 0.00880197 0.00434852 0.00686175 -3.24794e-05 0.00253309 0.0124796 0.00054791 0.00314053 0.625154 0.630216
0.632748 0.00825514 0.000124668 0.00263185 0.00808164 0.000123216 0.00260151 0.0228449 0.00905383 0.00441982 0.00697233 -2.65692e-05 0.00255801 0.0126284 0.000529384 0.00315275 0.630216 0.635279
0.637810 0.00836186 0.000137829 0.00266377 0.00819155 0.000125843 0.00262234 0.0226828 0.00908964 0.00428445 0.00708035 -3.10829e-05 0.00256503 0.0127307 0.000535777 0.00314671 0.635279 0.640342
0.642873 0.00846196 0.000146165 0.00267827 0.00829434 0.00014266 0.00263862 0.0225561 0.00904796 0.00417299 0.00716523 -2.52752e-05 0.00257352 0.0128827 0.000564445 0.00315356 0.640342 0.645404
0.647935 0.00857012 0.000180552 0.00269668 0.00840637 0.000158914 0.00266147 0.0223391 0.00912383 0.00405922 0.00727442 -1.1161e-05 0.00259433 0.0129874 0.000576908 0.00315225 0.645404 0.650466
0.652998 0.00864204 0.00017756 0.00269147 0.00848299 0.00016087 0.00267331 0.0220159 0.00897716 0.00402393 0.00735039 -1.53813e-05 0.00261331 0.0130455 0.00062833 0.00315904 0.650466 0.655529
0.658060 0.00875855 0.000186204 0.0027082 0.00860366 0.000182623 0.00269763 0.0217831 0.00882262 0.00397706 0.00745648 -2.52444e-05 0.00264552 0.0131975 0.000634928 0.00319792 0.655529 0.660591
0.663123 0.00884933 0.000192759 0.00274835 0.00869733 0.00016816 0.00271572 0.0216306 0.00847727 0.00404058 0.0075515 -3.26447e-05 0.00268122 0.0132738 0.000653536 0.00321222 0.660591 0.665654
0.668185 0.00895713 0.000167679 0.00276666 0.00880844 0.000173216 0.00273619 0.0214593 0.008564 0.00393829 0.00764695 -2.88161e-05 0.00269195 0.0134237 0.000717265 0.00324736 0.665654 0.670717
0.673248 0.00903484 0.00016957 0.00279134 0.00889395 0.000182119 0.00276777 0.0208817 0.00818341 0.00385063 0.00773844 -2.25599e-05 0.0027278 0.0134544 0.000739221 0.00325349 0.670717 0.675779
0.678310 0.00911227 0.000215494 0.0027925 0.00897838 0.000222821 0.00280065 0.0203704 0.00814205 0.00373938 0.00781502 -1.86875e-05 0.00275604 0.0135348 0.000770434 0.00327239 0.675779 0.680841
0.684006 0.00920446 0.000269628 0.00280395 0.00907485 0.000257555 0.00279843 0.0201031 0.00780848 0.00370998 0.00790818 -4.26546e-06 0.00277713 0.0136237 0.000815084 0.00328636 0.680841 0.687170
0.690967 0.00936397 0.000294253 0.00283525 0.00923957 0.000289478 0.00280684 0.0198246 0.00769313 0.00370711 0.00807039 4.36325e-06 0.00281581 0.013774 0.000884109 0.0033232 0.687170 0.694764
0.698560 0.00948867 0.000311998 0.0028302 0.00937728 0.000296744 0.00281631 0.0188552 0.00752757 0.0032637 0.00820263 3.03723e-05 0.00283176 0.013873 0.000876429 0.00327702 0.694764 0.702357
0.706154 0.009591 0.000276143 0.00286051 0.00949548 0.000298994 0.0028659 0.0176224 0.00711587 0.00302596 0.00831587 1.96602e-05 0.00284558 0.0139381 0.000955197 0.00327894 0.702357 0.709951
0.713748 0.00969052 0.000303558 0.00289284 0.00960729 0.000295138 0.00288819 0.0166887 0.00666559 0.00283756 0.00843098 6.0915e-05 0.00285204 0.0139845 0.00100958 0.00323269 0.709951 0.717545
0.721342 0.00981486 0.000292943 0.00290407 0.00974437 0.000320877 0.00290346 0.0157423 0.0064827 0.00262096 0.00855897 9.1943e-05 0.00287189 0.0140964 0.00102017 0.00326118 0.717545 0.725139
0.728935 0.00993248 0.000343889 0.00288987 0.00987504 0.000383656 0.00290846 0.0147621 0.00598194 0.00236541 0.00867896 0.000138734 0.00288595 0.0142059 0.00107831 0.00329689 0.725139 0.732732
0.736529 0.0100427 0.000378599 0.00291197 0.0100037 0.000379721 0.00295835 0.0133212 0.00559272 0.00212589 0.0088053 0.000187015 0.00294345 0.014261 0.00109989 0.00333937 0.732732 0.740326
0.744123 0.0101263 0.000398161 0.00296849 0.0101041 0.000393568 0.00300184 0.0119915 0.00524099 0.00192008 0.0089004 9.38028e-05 0.00295073 0.0143057 0.00116643 0.00340095 0.740326 0.747920
0.751717 0.0102056 0.000416803 0.00296065 0.0102002 0.000398852 0.0030542 0.01066 0.00478694 0.00179083 0.00900494 6.21108e-05 0.00293503 0.0142989 0.00121937 0.0033746 0.747920 0.755513
0.759310 0.0102783 0.000369113 0.00297629 0.0102885 0.000390749 0.00303234 0.00942012 0.00445535 0.00150516 0.00908993 0.000100955 0.00294675 0.0143297 0.00125922 0.00335924 0.755513 0.763107
0.766904 0.0103536 0.000403803 0.00304288 0.0103825 0.000391423 0.00306782 0.00793003 0.00435174 0.00118234 0.00919383 0.000104966 0.00300261 0.0143075 0.00128126 0.00333315 0.763107 0.770701
0.774498 0.0104239 0.000412978 0.0030716 0.010471 0.000374038 0.00309441 0.006459 0.00408831 0.000828977 0.00928001 0.000102056 0.00304936 0.0143236 0.0013831 0.00332044 0.770701 0.778295
0.782092 0.0104436 0.000385433 0.00303089 0.0105116 0.000459582 0.00305658 0.00472158 0.00524506 0.000615314 0.00934172 4.62094e-05 0.00323363 0.0141999 0.00156153 0.00322709 0.778295 0.785888
0.789685 0.0104968 0.000480748 0.00305624 0.010588 0.000514666 0.00309084 0.00282587 0.00443483 0.000332511 0.00943352 0.000105961 0.00339214 0.0141217 0.00177516 0.00316998 0.785888 0.793482
0.797279 0.0105696 0.00049247 0.00302585 0.0106929 0.000588316 0.00308595 0.000196044 8.54196e-05 2.75884e-05 0.00954941 0.000147346 0.00344928 0.0140474 0.00218687 0.00314185 0.793482 0.801076
0.804873 0 0 0 0 0 0 0 0 0 0 0 0 0 0 0 0.801076 0.808670
0.812467 0 0 0 0 0 0 0 0 0 0 0 0 0 0 0 0.808670 0.816263
0.820060 0 0 0 0 0 0 0 0 0 0 0 0 0 0 0 0.816263 0.823857
0.827654 0 0 0 0 0 0 0 0 0 0 0 0 0 0 0 0.823857 0.831451
0.835248 0 0 0 0 0 0 0 0 0 0 0 0 0 0 0 0.831451 0.839045
0.842842 0 0 0 0 0 0 0 0 0 0 0 0 0 0 0 0.839045 0.846639
0.850435 0 0 0 0 0 0 0 0 0 0 0 0 0 0 0 0.846639 0.854232
0.858029 0 0 0 0 0 0 0 0 0 0 0 0 0 0 0 0.854232 0.861826
0.865623 0 0 0 0 0 0 0 0 0 0 0 0 0 0 0 0.861826 0.869420
0.873217 0 0 0 0 0 0 0 0 0 0 0 0 0 0 0 0.869420 0.877014
0.880810 0 0 0 0 0 0 0 0 0 0 0 0 0 0 0 0.877014 0.884607
0.888404 0 0 0 0 0 0 0 0 0 0 0 0 0 0 0 0.884607 0.892201
0.895998 0 0 0 0 0 0 0 0 0 0 0 0 0 0 0 0.892201 0.899795
0.903592 0 0 0 0 0 0 0 0 0 0 0 0 0 0 0 0.899795 0.907389
0.911185 0 0 0 0 0 0 0 0 0 0 0 0 0 0 0 0.907389 0.914982
0.918779 0 0 0 0 0 0 0 0 0 0 0 0 0 0 0 0.914982 0.922576
0.926373 0 0 0 0 0 0 0 0 0 0 0 0 0 0 0 0.922576 0.930170
0.933967 0 0 0 0 0 0 0 0 0 0 0 0 0 0 0 0.930170 0.937763
0.941560 0 0 0 0 0 0 0 0 0 0 0 0 0 0 0 0.937763 0.945357
0.949154 0 0 0 0 0 0 0 0 0 0 0 0 0 0 0 0.945357 0.952951
0.956748 0 0 0 0 0 0 0 0 0 0 0 0 0 0 0 0.952951 0.960545
0.964342 0 0 0 0 0 0 0 0 0 0 0 0 0 0 0 0.960545 0.968138
0.971935 0 0 0 0 0 0 0 0 0 0 0 0 0 0 0 0.968138 0.975732
0.979529 0 0 0 0 0 0 0 0 0 0 0 0 0 0 0 0.975732 0.983326
0.987123 0 0 0 0 0 0 0 0 0 0 0 0 0 0 0 0.983326 0.990920
0.994717 0 0 0 0 0 0 0 0 0 0 0 0 0 0 0 0.990920 0.998514
1.000412 0 0 0 0 0 0 0 0 0 0 0 0 0 0 0 0.998514 1.002310
