#Peak halo mass range: 13.375 < log10(Mh/Msun) < 13.625
#Quenched threshold: True SFR / True SM < 1e-11 / yr
#True SFHs in units of Msun/yr.
#See documentation for explanation of true vs. observed SFRs and SMs.
#Bestfit halos in bin: 2533
#Bestfit SF halos in bin: 288
#Bestfit Q halos in bin: 2245
#Bestfit central halos in bin: 2047
#Bestfit satellite halos in bin: 486
#Avg_scale_factor <SFH_all> Err+ Err- <SFH_SF> Err+ Err- <SFH_Q> Err+ Err- <SFH_Cen> Err+ Err- <SFH_Sat> Err+ Err- Scale_factor_begin Scale_factor_end
0.028936 1.06388e-08 0.00321028 1.06343e-08 1.17216e-08 0.0135081 1.17206e-08 1.05e-08 0.00171644 1.04957e-08 6.59059e-09 0.00227072 6.58774e-09 2.76898e-08 0.00578486 2.76781e-08 0.000000 0.057873
0.059561 0.00136096 0.0220773 0.00135247 0.000860216 0.0629818 0.000860071 0.0014252 0.0186977 0.00141627 0.00116798 0.020463 0.00116196 0.00217378 0.0273516 0.00215497 0.057873 0.061248
0.062373 0.00922302 0.0457357 0.00891263 0.0080186 0.102117 0.00788259 0.00937753 0.0424455 0.00905751 0.00809368 0.0373642 0.00782205 0.0139798 0.0686874 0.0133654 0.061248 0.063498
0.064623 0.0253306 0.0892941 0.0229628 0.0170062 0.21994 0.0139334 0.0263985 0.0769477 0.0241133 0.0228564 0.0847101 0.0204866 0.0357519 0.0999453 0.0328285 0.063498 0.065748
0.066873 0.0671611 0.109602 0.0577867 0.0573406 0.18169 0.0475048 0.0684209 0.107204 0.0592086 0.0634193 0.110432 0.0544458 0.0829214 0.125969 0.0711921 0.065748 0.067998
0.069123 0.132287 0.133597 0.108505 0.110792 0.202257 0.0871492 0.135045 0.122175 0.11105 0.123472 0.126277 0.101198 0.169418 0.155833 0.137806 0.067998 0.070248
0.071373 0.229161 0.121243 0.175566 0.206181 0.166452 0.150374 0.23211 0.108857 0.177628 0.211952 0.113978 0.160892 0.301648 0.154227 0.238369 0.070248 0.072498
0.073623 0.35835 0.171331 0.249441 0.312925 0.28246 0.208726 0.364177 0.167237 0.254689 0.337342 0.175009 0.231504 0.446833 0.191322 0.324215 0.072498 0.074748
0.075873 0.490252 0.202702 0.292056 0.431006 0.275203 0.25671 0.497853 0.207151 0.30079 0.465465 0.195523 0.277991 0.594658 0.254541 0.371998 0.074748 0.076998
0.078123 0.656681 0.275041 0.361963 0.627137 0.265294 0.345527 0.660471 0.271487 0.365568 0.613429 0.257008 0.336873 0.838857 0.312467 0.469497 0.076998 0.079248
0.080373 0.825409 0.306719 0.423755 0.834562 0.336947 0.438627 0.824234 0.311934 0.422589 0.781404 0.298403 0.40095 1.01075 0.407867 0.52214 0.079248 0.081498
0.082904 0.994503 0.344944 0.485952 0.883931 0.378577 0.412786 1.00869 0.333494 0.499775 0.947367 0.32791 0.461577 1.19304 0.393415 0.58999 0.081498 0.084311
0.085998 1.43043 0.448342 0.630414 1.22872 0.502297 0.526422 1.4563 0.437331 0.652794 1.37171 0.455082 0.600384 1.67775 0.436299 0.75663 0.084311 0.087685
0.089373 1.83642 0.512205 0.725229 1.56741 0.670506 0.57829 1.87093 0.478086 0.748757 1.74725 0.519027 0.719108 2.21196 0.551696 0.916417 0.087685 0.091061
0.092748 2.36434 0.603933 0.844275 2.02079 0.902704 0.628165 2.40841 0.622366 0.864414 2.21263 0.608535 0.804276 3.00331 0.75821 1.0654 0.091061 0.094435
0.096123 2.95728 0.743516 0.914407 2.65674 1.01659 0.750359 2.99584 0.718721 0.950529 2.82865 0.74727 0.874144 3.49906 0.793055 1.11169 0.094435 0.097811
0.099498 3.6839 0.794795 1.02183 3.55934 1.08712 0.89819 3.69987 0.8122 1.02891 3.52874 0.808475 0.997936 4.33742 0.961267 1.2351 0.097811 0.101186
0.102873 4.48619 0.898726 1.21133 4.28406 1.10557 1.10085 4.51212 0.862961 1.22755 4.25805 0.86841 1.14869 5.44711 0.835505 1.47309 0.101186 0.104560
0.106248 5.28207 0.887122 1.32358 4.98331 1.33811 1.15083 5.3204 0.833854 1.33248 5.05332 0.924035 1.26417 6.24554 0.84656 1.63414 0.104560 0.107936
0.109623 6.36237 0.864063 1.48715 5.76993 1.57304 1.24135 6.43837 0.798062 1.50603 6.08786 0.908119 1.41329 7.5186 0.869287 1.91236 0.107936 0.111310
0.112998 7.30809 0.87208 1.65358 6.6103 1.7353 1.4709 7.39761 0.827631 1.72296 7.06169 0.896724 1.6148 8.34591 0.913622 1.98291 0.111310 0.114686
0.116373 8.18767 0.9391 1.77895 7.42998 1.45299 1.49017 8.28487 0.887809 1.79923 7.96267 0.956638 1.73246 9.13535 0.85955 2.08373 0.114686 0.118060
0.119748 9.3943 0.933884 1.9756 9.13747 1.80475 1.77817 9.42725 0.862658 1.99102 9.18769 0.962084 1.90725 10.2645 0.843195 2.281 0.118060 0.121435
0.123123 10.5855 0.875998 2.27804 10.5423 2.32256 1.92133 10.5911 0.865769 2.26932 10.2642 0.92047 2.1122 11.9388 0.632557 2.78838 0.121435 0.124811
0.126498 11.8018 1.005 2.38766 11.6056 1.35999 2.43249 11.827 0.976579 2.37564 11.4987 1.07796 2.20806 13.0786 0.685907 3.20299 0.124811 0.128185
0.129873 12.8967 0.970215 2.55249 12.358 0.878791 2.9031 12.9658 1.02557 2.56471 12.6605 1.0871 2.38155 13.8917 0.55221 3.47111 0.128185 0.131561
0.133248 14.2819 1.13151 2.93513 12.1113 1.79552 2.26557 14.5603 1.12728 3.14207 13.8551 1.29742 2.55241 16.0795 0.511492 3.99695 0.131561 0.134935
0.137045 15.6491 1.12797 3.37315 13.309 1.08512 2.96406 15.9493 1.05576 3.56383 15.1176 1.27199 2.97152 17.8878 0.269526 4.53737 0.134935 0.139154
0.141685 17.7507 1.18676 3.73178 15.1554 1.03431 3.42601 18.0836 0.999451 3.9681 17.395 1.34883 3.45141 19.249 0.413462 4.99815 0.139154 0.144217
0.146748 20.7756 1.19972 4.52261 17.5909 2.78881 3.11027 21.1842 0.963139 4.72721 20.1654 1.38769 4.1528 23.3459 0.499166 5.94344 0.144217 0.149279
0.151810 22.875 1.29835 4.96409 20.1669 1.60839 4.32076 23.2224 1.03047 5.11124 22.036 1.43616 4.52815 26.4085 0.326797 6.48361 0.149279 0.154342
0.156873 25.719 0.785818 5.73071 22.931 2.07896 4.86607 26.0767 0.751329 5.85211 24.2681 1.17322 5.14765 31.83 0.0174599 8.30478 0.154342 0.159404
0.161935 28.6172 0.900267 6.16576 23.6697 2.85204 4.4661 29.2518 0.74502 6.61877 27.1647 1.19193 5.76216 34.7348 0.538475 8.74921 0.159404 0.164467
0.166998 32.2426 1.25591 7.31383 26.5756 2.56261 5.54346 32.9696 0.959549 7.85538 30.8354 1.28442 6.85759 38.1697 0.480343 9.56411 0.164467 0.169529
0.172060 35.5701 1.34282 8.35408 29.9144 3.03257 6.16042 36.2957 0.898472 8.96662 34.3373 1.40185 7.95123 40.7627 0.67981 9.97692 0.169529 0.174591
0.177123 39.8148 1.34068 9.10338 31.075 4.30307 5.78796 40.9359 0.906464 10.0371 38.6003 1.53323 8.89979 44.93 0.941502 11.1715 0.174591 0.179654
0.182185 43.4015 1.65622 9.81018 33.8794 6.16425 6.49271 44.6231 0.959637 10.9007 42.085 1.68059 9.59959 48.9468 1.47481 12.2459 0.179654 0.184716
0.187248 47.2898 2.09639 10.7898 35.2119 3.0229 7.9394 48.8392 1.63049 11.7774 46.3893 2.15129 10.6819 51.0827 2.33509 11.8327 0.184716 0.189779
0.192310 50.2369 2.90269 11.2282 37.9011 4.0247 8.14647 51.8193 2.22395 12.1924 48.963 2.66501 10.8172 55.6022 3.28831 12.2905 0.189779 0.194842
0.197373 55.1264 3.34613 12.1119 40.3008 4.5419 8.94608 57.0283 2.42362 13.5312 53.3884 2.79488 11.6787 62.4468 4.34063 13.9086 0.194842 0.199904
0.202435 58.4222 3.90492 12.6183 47.8826 7.67572 9.75815 59.7742 3.08062 13.3998 56.9279 3.66261 12.2536 64.7161 4.17466 14.0375 0.199904 0.204967
0.207498 60.6695 4.60998 12.4448 52.3623 4.72383 12.3824 61.7352 4.30899 13.1051 59.6412 4.47088 12.2735 65.0005 6.2325 13.4778 0.204967 0.210029
0.212560 65.2851 5.64681 13.0638 58.1064 -0.55611 17.3125 66.2061 5.60349 13.2544 63.3704 4.9385 12.6544 73.3498 6.64528 14.9133 0.210029 0.215091
0.217623 69.045 6.90768 13.5785 59.9339 4.76221 14.0416 70.2138 6.74135 14.1191 66.6163 6.35821 13.0688 79.2745 8.53463 15.706 0.215091 0.220154
0.222685 71.8542 8.58806 13.2272 61.9298 7.55696 12.7439 73.1274 8.09502 13.951 68.8043 8.10695 12.6929 84.7003 10.3409 15.1856 0.220154 0.225217
0.227748 73.7665 10.6619 12.7401 61.9957 11.6224 9.83989 75.2765 9.67271 13.7756 70.6725 10.0518 12.1871 86.7981 11.02 14.9239 0.225217 0.230279
0.232810 77.3149 11.7547 12.4781 61.5772 9.53957 10.8518 79.3338 10.8676 13.3463 74.7998 11.4975 12.1707 87.9083 13.1994 13.6083 0.230279 0.235342
0.237873 80.3068 12.6559 12.2518 65.6367 9.46227 12.1688 82.1888 11.8838 13.3154 78.8557 12.0501 12.4471 86.419 15.2876 13.2445 0.235342 0.240404
0.242935 84.1008 13.3658 12.6987 68.6799 11.2484 10.4924 86.0791 13.0147 13.5769 82.461 12.8885 12.3141 91.0076 16.3789 12.8385 0.240404 0.245467
0.247998 85.6284 13.6917 12.7074 73.8296 6.97226 14.9185 87.142 14.0468 13.3493 84.8861 13.1888 12.934 88.7548 16.1926 11.8409 0.245467 0.250529
0.253060 89.0504 13.985 12.2186 80.4017 4.1343 20.8465 90.1598 14.6952 12.5683 88.7327 13.1382 12.5151 90.3885 17.5721 11.0211 0.250529 0.255592
0.258123 90.1623 14.258 12.3005 79.8492 9.527 18.2492 91.4853 13.8709 13.0578 91.12 13.4827 12.9083 86.1286 17.4179 10.1075 0.255592 0.260654
0.263185 90.2868 13.8432 12.7308 78.3253 8.08607 18.854 91.8212 13.7168 13.6626 91.2154 13.6146 12.8347 86.3755 16.5059 10.7922 0.260654 0.265716
0.268248 91.8985 14.6433 12.9535 85.3544 6.03612 21.5513 92.738 14.8377 13.2988 93.9232 13.8457 13.1624 83.3703 16.938 10.5634 0.265716 0.270779
0.273310 94.0687 14.3577 13.0446 86.7052 6.61845 17.8856 95.0133 14.5354 13.6872 96.3889 13.911 13.7693 84.2965 15.7712 11.9276 0.270779 0.275842
0.278373 94.7455 14.2663 13.6386 85.812 7.82568 16.1642 95.8915 14.4154 14.2727 96.6313 14.0244 14.0358 86.8028 16.0404 11.6038 0.275842 0.280904
0.283435 97.1188 14.0614 14.5867 91.7406 9.78838 15.5601 97.8087 13.8973 14.9755 98.5522 14.0962 14.8238 91.0814 14.4558 13.1872 0.280904 0.285967
0.288498 98.3838 13.4633 15.4358 97.1466 13.9607 15.6987 98.5425 13.2994 15.7427 100.038 13.7426 15.5129 91.4162 13.2036 14.3048 0.285967 0.291029
0.293560 99.6882 13.5414 16.0071 98.0658 10.6021 15.6962 99.8964 13.3658 16.0282 101.509 13.3591 15.7126 92.0184 12.6429 15.3173 0.291029 0.296091
0.298623 99.6231 12.5927 16.1215 101.62 10.2417 17.2466 99.367 12.9586 15.7784 101.738 13.1907 16.3091 90.7174 12.5281 15.089 0.296091 0.301154
0.303685 97.6722 12.3176 15.6434 95.8116 11.6878 15.4906 97.9109 11.9276 15.7855 99.922 12.8729 15.7982 88.1964 10.4627 15.6694 0.301154 0.306217
0.308748 96.8849 11.9399 16.1622 95.2862 9.64274 16.8934 97.09 11.5264 16.1645 100.048 12.6718 16.291 83.5613 9.41897 15.2483 0.306217 0.311279
0.313810 96.4465 11.2928 16.7384 95.3159 10.9437 16.8159 96.5916 10.8544 16.823 99.601 11.711 17.1057 83.1599 8.76006 16.0863 0.311279 0.316341
0.318873 94.3335 10.3403 17.1673 92.6691 6.61425 18.478 94.5471 10.6445 16.9858 97.1572 10.6952 17.5616 82.4407 7.63805 17.1012 0.316341 0.321404
0.323935 92.7017 9.63015 17.7578 93.7103 2.77454 21.3767 92.5723 10.037 17.3109 95.1147 9.91379 18.0576 82.5383 7.4164 16.7926 0.321404 0.326466
0.328997 90.3618 9.12429 17.4133 92.0047 5.21912 20.5338 90.1511 9.31955 17.0536 92.7407 9.35542 17.5438 80.3422 8.13939 15.9928 0.326466 0.331528
0.334060 88.352 9.06229 16.8773 92.3335 4.7048 21.4251 87.8413 9.70083 16.2958 91.0706 9.52634 17.4341 76.9014 7.19046 15.3259 0.331528 0.336591
0.339122 84.92 8.58523 16.4473 85.8593 4.27967 19.9693 84.7996 8.91701 16.1983 88.0334 9.20516 17.0631 71.8067 7.53771 14.438 0.336591 0.341653
0.344185 82.8578 7.82582 16.7521 85.4283 4.70647 20.1577 82.528 8.15913 16.4586 86.1828 8.21871 16.9894 68.8529 6.7096 14.281 0.341653 0.346716
0.349247 80.544 7.34386 16.5491 80.7875 5.22952 18.7697 80.5128 7.27246 16.4819 84.1489 7.61012 16.9438 65.3604 7.19759 13.4907 0.346716 0.351779
0.354310 77.4956 7.17473 16.5271 78.6329 2.3905 19.7481 77.3497 7.40733 16.3011 81.1415 7.30792 16.8038 62.1393 6.6698 13.7308 0.351779 0.356841
0.359372 74.7599 6.92167 16.1479 74.7628 1.12389 20.735 74.7595 7.05985 15.9684 78.6451 7.16671 16.7824 58.3957 6.49354 12.4077 0.356841 0.361903
0.364435 73.1964 6.68263 16.2195 75.1451 1.09301 21.1593 72.9464 7.29448 15.6786 77.0279 7.09716 17.1755 57.058 6.51213 12.3002 0.361903 0.366966
0.369497 70.6713 6.38959 15.8995 68.6985 2.39316 19.4665 70.9244 6.46098 15.8501 74.7467 6.72022 16.888 53.5061 5.84726 12.3448 0.366966 0.372028
0.374560 68.2929 5.80859 15.6988 65.7822 1.57465 18.307 68.615 5.90933 15.7055 72.134 6.27219 16.6329 52.1145 4.9156 12.4897 0.372028 0.377091
0.379622 64.9657 5.84827 15.1033 64.0735 2.19077 17.8261 65.0802 6.06057 15.0579 68.4626 6.02229 15.9342 50.2372 4.78476 12.2518 0.377091 0.382154
0.384685 62.0252 5.63074 14.5058 60.9895 3.38948 15.9876 62.1581 5.87859 14.5107 65.5203 5.76736 15.3558 47.3038 4.52511 11.4507 0.382154 0.387216
0.389747 60.1598 5.8386 13.9011 60.0894 3.34762 15.725 60.1689 5.82907 13.9404 63.4611 6.11967 14.5862 46.255 3.95573 11.29 0.387216 0.392278
0.394810 57.6364 5.46814 13.3929 57.766 3.42757 14.9606 57.6197 5.66692 13.382 61.1719 5.82823 14.0283 42.7452 3.518 10.539 0.392278 0.397341
0.399872 55.5874 5.28452 12.9094 56.5361 4.07382 13.6516 55.4656 5.3556 12.8495 59.3912 5.85738 13.7019 39.5659 3.71339 9.90389 0.397341 0.402404
0.404935 52.8684 4.81342 12.7546 53.1724 3.49389 13.9908 52.8294 4.75311 12.6347 56.6417 5.25319 13.334 36.9757 2.85085 9.80457 0.402404 0.407466
0.409997 50.6373 4.42173 12.3666 52.0782 4.06673 12.8679 50.4524 4.59588 12.1434 54.3901 4.94852 12.9895 34.8308 2.53807 9.32277 0.407466 0.412529
0.415060 49.0313 4.4289 11.8741 50.618 4.18923 12.7943 48.8277 4.60019 11.6844 52.6948 4.89474 12.4666 33.601 2.46019 8.96633 0.412529 0.417591
0.420122 47.2675 4.55849 11.1742 49.2873 4.95402 11.4599 47.0085 4.66422 11.0719 51.1243 5.03331 11.8523 31.0232 2.72385 7.7164 0.417591 0.422653
0.425185 45.6481 4.50001 10.8998 48.6735 3.7748 12.2329 45.26 4.74967 10.58 49.5108 4.69292 11.7079 29.3788 2.75262 7.15248 0.422653 0.427716
0.430247 43.9773 4.21193 10.2914 47.0491 3.96208 11.4661 43.5833 4.65113 10.0488 47.7988 4.6448 11.1661 27.8815 2.3417 6.83566 0.427716 0.432779
0.435310 42.1973 4.37303 9.7827 44.8989 5.23602 10.3626 41.8507 4.8622 9.55905 45.5597 4.88667 10.3838 28.0351 2.24048 6.86045 0.432779 0.437841
0.440372 40.1095 4.1323 9.31106 41.8758 5.45553 9.07495 39.8829 4.33685 9.39826 43.4512 4.50096 10.0456 26.0341 1.94528 6.49314 0.437841 0.442903
0.445435 38.1603 3.50847 8.92047 38.5104 4.05126 9.13645 38.1154 3.77029 9.09789 41.1504 4.02084 9.60467 25.5662 2.16868 6.38358 0.442903 0.447966
0.450497 36.0392 3.19526 8.65285 35.8376 3.83178 8.85114 36.065 3.4262 8.79808 38.8101 3.68017 9.22389 24.3681 1.65582 6.18531 0.447966 0.453029
0.455560 34.3014 3.16822 8.31102 34.6061 3.90486 8.83514 34.2623 3.37343 8.45313 37.0171 3.59011 8.92765 22.8631 1.62465 5.93062 0.453029 0.458091
0.460622 32.9215 2.99749 8.19007 33.0429 3.422 8.54517 32.9059 3.12667 8.26711 35.4816 3.27515 8.65298 22.1384 1.70879 5.62171 0.458091 0.463154
0.465685 31.4457 2.9178 7.93852 30.7826 2.92605 7.9703 31.5307 2.98123 8.0244 33.7097 3.19305 8.34436 21.9096 2.18352 5.37772 0.463154 0.468216
0.470747 29.6973 2.70131 7.56407 29.4548 2.34105 8.31401 29.7285 2.58786 7.58753 31.9301 3.01716 7.87062 20.2932 1.84331 5.21037 0.468216 0.473278
0.475810 28.3466 2.49025 7.3172 28.414 3.01636 7.34008 28.3379 2.41813 7.32215 30.567 2.83763 7.68299 18.9945 1.67856 5.03449 0.473278 0.478341
0.480872 26.8548 2.38169 6.90051 26.7792 3.1234 6.39238 26.8646 2.39378 6.87508 29.0243 2.60334 7.40488 17.7172 1.66609 4.55483 0.478341 0.483404
0.485935 25.9063 2.48686 6.48883 24.4934 3.34869 5.35433 26.0876 2.3028 6.80285 28.0844 2.68863 7.23612 16.7325 1.92663 4.1554 0.483404 0.488466
0.490997 24.4603 2.5686 6.16651 22.9234 3.39782 5.1531 24.6575 2.38714 6.34286 26.5294 2.73307 6.81611 15.7457 2.31558 3.5926 0.488466 0.493528
0.496060 23.3115 2.59715 5.81397 22.131 2.89142 4.99615 23.4629 2.49967 5.92694 25.3716 2.84448 6.44555 14.6345 1.90325 3.3743 0.493528 0.498591
0.501122 22.0032 2.53903 5.44244 20.6402 2.63353 4.8653 22.1781 2.48763 5.57514 23.8693 2.78343 6.04876 14.1435 2.27225 3.07431 0.498591 0.503654
0.506185 20.9428 2.62656 5.23741 19.3678 2.5431 4.70798 21.1449 2.50143 5.42151 22.7029 2.72663 5.70584 13.5294 2.01399 3.0405 0.503654 0.508716
0.511247 19.6522 2.62427 4.87119 18.3181 2.09613 4.92828 19.8233 2.52826 4.99927 21.4398 2.77024 5.39633 12.1228 1.73597 2.78979 0.508716 0.513778
0.516310 18.7724 2.37185 4.59584 17.9173 2.1893 4.50114 18.8821 2.32075 4.68891 20.4289 2.68131 5.1185 11.7957 1.61482 2.8616 0.513778 0.518841
0.521372 17.8545 2.33043 4.41222 16.376 2.11062 3.9182 18.0442 2.2703 4.56773 19.3562 2.48071 4.89209 11.5295 1.63942 2.9445 0.518841 0.523903
0.526435 16.7392 2.22984 4.11936 15.6324 2.21241 3.98398 16.8812 2.17454 4.23673 18.2019 2.45824 4.56427 10.5784 1.51656 2.62668 0.523903 0.528966
0.531497 16.1378 2.43474 3.74742 15.0119 2.17188 3.76107 16.2823 2.36741 3.88577 17.5219 2.57175 4.19415 10.3083 1.44935 2.5287 0.528966 0.534029
0.536560 15.204 2.24925 3.5652 14.9054 2.59409 3.47277 15.2423 2.24741 3.61597 16.5235 2.47139 3.93352 9.64651 1.60212 2.30302 0.534029 0.539091
0.541622 14.6208 2.20424 3.39279 14.079 2.53441 3.31435 14.6903 2.19582 3.46931 15.9685 2.42412 3.82196 8.94425 1.47732 2.13243 0.539091 0.544153
0.546685 13.8914 2.28139 3.15297 13.7451 2.69357 3.029 13.9101 2.26888 3.14971 15.1494 2.46199 3.51857 8.59241 1.71011 1.89446 0.544153 0.549216
0.551747 13.2834 2.32344 3.01674 12.6123 2.69115 2.75154 13.3695 2.23844 3.12439 14.4737 2.51734 3.34165 8.27011 1.59487 1.89169 0.549216 0.554278
0.556810 12.7603 2.34081 2.88789 12.5822 3.19742 2.48227 12.7831 2.21915 2.92877 14.0181 2.46852 3.16414 7.46249 1.24871 1.77926 0.554278 0.559341
0.561872 12.1891 2.34808 2.86676 12.3322 2.94517 2.40722 12.1708 2.27912 2.85692 13.357 2.48393 3.0981 7.26987 1.18119 1.83866 0.559341 0.564404
0.566935 11.4829 2.0308 2.80863 11.983 3.00979 2.634 11.4188 2.03129 2.74161 12.5721 2.18919 3.01559 6.89542 1.12481 1.78867 0.564404 0.569466
0.571997 10.9113 1.87635 2.62215 11.279 2.26276 3.03157 10.8641 1.94555 2.58931 12.1052 2.08485 2.92263 5.8828 0.881278 1.53708 0.569466 0.574528
0.577060 10.4087 1.82867 2.53356 10.837 2.13456 2.62871 10.3538 1.88725 2.46873 11.565 2.06882 2.82053 5.53842 0.674229 1.47821 0.574528 0.579592
0.582123 10.0419 1.84717 2.43199 10.7562 1.5408 2.90514 9.95021 1.90458 2.40983 11.1379 2.06794 2.74802 5.42533 0.903831 1.36369 0.579592 0.584654
0.587185 9.38394 1.71067 2.26747 9.57583 1.24052 2.65374 9.35933 1.71718 2.26657 10.4919 1.91843 2.53841 4.71749 0.798922 1.10736 0.584654 0.589717
0.592248 8.96127 1.69639 2.18279 8.93033 1.22715 2.42685 8.96523 1.68105 2.17918 10.0196 1.83187 2.46518 4.50369 0.935902 1.03268 0.589717 0.594779
0.597310 8.70949 1.65552 2.10122 8.71256 1.29039 2.30043 8.7091 1.66122 2.11153 9.75241 1.84155 2.37924 4.31676 0.785889 1.00023 0.594779 0.599841
0.602373 8.3211 1.59335 1.997 8.13668 1.22437 2.17345 8.34476 1.58693 2.02909 9.30756 1.74346 2.26056 4.16619 0.807989 0.941417 0.599841 0.604904
0.607435 8.0615 1.63283 1.87867 7.96648 1.68586 1.82726 8.07368 1.60432 1.92976 9.01818 1.77404 2.15109 4.032 0.884249 0.888959 0.604904 0.609967
0.612498 7.7388 1.50057 1.8554 7.814 1.51291 1.92429 7.72915 1.4655 1.86551 8.66059 1.67672 2.13753 3.8563 0.710452 0.91335 0.609967 0.615029
0.617560 7.15207 1.27379 1.79788 7.32328 1.56156 1.70712 7.13011 1.26645 1.79738 7.96858 1.44796 2.01922 3.71303 0.6402 0.927659 0.615029 0.620092
0.622623 6.81543 1.157 1.6941 6.78835 1.82128 1.4097 6.81891 1.12685 1.75142 7.61607 1.31083 1.96218 3.44321 0.637865 0.858873 0.620092 0.625154
0.627685 6.43586 1.05216 1.62682 6.44435 1.39966 1.47393 6.43477 1.04263 1.68129 7.18517 1.18599 1.85306 3.2798 0.561036 0.828782 0.625154 0.630216
0.632748 6.31942 1.05998 1.60286 6.48931 1.80616 1.40764 6.29763 1.0173 1.64108 7.07238 1.17014 1.81172 3.14802 0.571345 0.774096 0.630216 0.635279
0.637810 6.08 1.02281 1.53187 6.50617 1.66114 1.44662 6.02533 0.962261 1.56716 6.79408 1.08331 1.76166 3.07237 0.728254 0.763347 0.635279 0.640342
0.642873 5.75551 0.938539 1.53186 6.4258 1.77174 1.45533 5.66952 0.942124 1.51118 6.4394 1.03905 1.73395 2.87502 0.554199 0.727503 0.640342 0.645404
0.647935 5.58814 0.941003 1.49222 6.55021 2.22757 1.65457 5.46472 0.910203 1.46023 6.28369 1.04389 1.68805 2.65851 0.438993 0.743196 0.645404 0.650466
0.652998 5.35929 0.909467 1.42738 6.54699 2.46945 1.46607 5.20693 0.894051 1.39921 6.02197 1.00794 1.62268 2.56812 0.474985 0.71125 0.650466 0.655529
0.658060 5.20399 0.94705 1.38048 6.6882 3.12373 1.40247 5.01358 0.920356 1.30236 5.83489 1.0022 1.53241 2.54664 0.543717 0.693929 0.655529 0.660591
0.663123 5.04486 0.871985 1.3698 6.38409 2.85786 1.3197 4.87306 0.856011 1.3104 5.65523 0.916098 1.52009 2.47405 0.553541 0.639981 0.660591 0.665654
0.668185 4.85557 0.863949 1.32618 6.08122 2.91065 1.24527 4.69833 0.829608 1.29652 5.44025 0.911157 1.48282 2.39291 0.521095 0.627084 0.665654 0.670717
0.673248 4.65164 0.778742 1.29576 5.53299 2.36718 1.23456 4.53857 0.776831 1.26433 5.21485 0.862262 1.46524 2.27942 0.469607 0.584352 0.670717 0.675779
0.678310 4.52359 0.721257 1.29061 5.42915 2.30857 1.31264 4.40742 0.75337 1.26129 5.06684 0.828889 1.44649 2.23546 0.52158 0.573736 0.675779 0.680841
0.684006 4.23519 0.683236 1.17331 4.81871 1.48984 1.22715 4.16033 0.679753 1.16351 4.75468 0.7811 1.32119 2.04712 0.300567 0.600623 0.680841 0.687170
0.690967 4.02842 0.609218 1.13823 4.47944 1.83715 1.04051 3.97056 0.597265 1.11647 4.50603 0.699918 1.29563 2.01674 0.283948 0.575666 0.687170 0.694764
0.698560 3.93365 0.60383 1.11258 4.22174 1.51731 1.00397 3.89669 0.603146 1.12928 4.40641 0.689552 1.25063 1.9424 0.301417 0.532142 0.694764 0.702357
0.706154 3.67713 0.52455 1.05088 4.44197 1.60568 1.19445 3.57902 0.523335 1.03191 4.09243 0.583473 1.19431 1.92793 0.344815 0.539306 0.702357 0.709951
0.713748 3.6068 0.507856 1.05803 4.69163 1.05012 1.60022 3.46763 0.588517 0.984908 3.98562 0.546752 1.17256 2.01122 0.443956 0.610462 0.709951 0.717545
0.721342 3.56453 0.533142 1.0269 4.96861 0.752729 1.90796 3.38441 0.616361 0.934589 3.93293 0.543259 1.13808 2.01287 0.419114 0.630138 0.717545 0.725139
0.728935 3.33522 0.45661 0.961138 4.51877 0.582832 1.7011 3.18339 0.537464 0.903855 3.69701 0.484464 1.07181 1.81137 0.378972 0.557513 0.725139 0.732732
0.736529 3.20504 0.440065 0.937568 4.50836 0.597572 1.724 3.03785 0.526663 0.86748 3.57247 0.48745 1.04886 1.65745 0.294607 0.528745 0.732732 0.740326
0.744123 3.03813 0.419143 0.892311 4.57031 0.502356 1.8289 2.84158 0.517174 0.79313 3.38029 0.475408 1.01511 1.597 0.29484 0.492675 0.740326 0.747920
0.751717 2.88857 0.467482 0.875219 4.80108 0.526965 1.85791 2.64322 0.503557 0.732708 3.23606 0.489028 0.985803 1.42495 0.311992 0.420433 0.747920 0.755513
0.759310 2.87887 0.450117 0.890994 4.80534 0.503218 2.0448 2.63174 0.518866 0.755146 3.21575 0.370359 1.01755 1.46 0.501814 0.418917 0.755513 0.763107
0.766904 2.73896 0.386973 0.87408 4.58834 0.474343 1.91813 2.50171 0.482756 0.711538 3.06343 0.38867 0.99791 1.37233 0.330883 0.421763 0.763107 0.770701
0.774498 2.61571 0.433313 0.829048 4.49408 0.401684 1.8933 2.37474 0.478432 0.636031 2.903 0.42924 0.928361 1.40564 0.354732 0.445526 0.770701 0.778295
0.782092 2.61673 0.485785 0.808128 4.75454 0.506213 1.99913 2.34249 0.531605 0.609161 2.86714 0.494806 0.899726 1.56206 0.392478 0.5175 0.778295 0.785888
0.789685 2.47229 0.433242 0.799464 4.57117 0.154668 2.07564 2.20303 0.5636 0.5769 2.73589 0.45908 0.890169 1.36201 0.312212 0.425224 0.785888 0.793482
0.797279 2.45489 0.410936 0.811405 4.96733 0.771177 2.11518 2.13258 0.542236 0.558913 2.69355 0.45726 0.899077 1.44965 0.35563 0.506231 0.793482 0.801076
0.804873 2.35948 0.40504 0.806572 4.68356 0.367599 2.11613 2.06134 0.518149 0.576665 2.54922 0.403337 0.863561 1.56031 0.39817 0.619641 0.801076 0.808670
0.812467 2.12863 0.369416 0.703176 4.15336 0.143552 1.95811 1.86889 0.462886 0.535552 2.30824 0.365701 0.754141 1.37213 0.322281 0.517278 0.808670 0.816263
0.820060 2.05146 0.406406 0.690092 4.23738 0.277637 2.03103 1.77104 0.499337 0.484311 2.28072 0.425342 0.759307 1.08584 0.37156 0.367252 0.816263 0.823857
0.827654 2.06705 0.368892 0.757861 4.51917 0.636418 2.1441 1.75248 0.448671 0.498686 2.30045 0.380308 0.819267 1.08399 0.243867 0.416473 0.823857 0.831451
0.835248 1.98724 0.446468 0.692225 3.91434 0.982828 1.64517 1.74002 0.49163 0.485507 2.21557 0.534398 0.747867 1.02554 0.262028 0.408576 0.831451 0.839045
0.842842 1.83086 0.447478 0.632986 3.89291 1.0168 1.69887 1.56633 0.475834 0.433047 2.02972 0.53324 0.685504 0.993272 0.145811 0.428495 0.839045 0.846639
0.850435 1.76927 0.512683 0.59356 3.67364 1.46715 1.36572 1.52496 0.533385 0.425178 1.96441 0.60419 0.652335 0.947354 0.143396 0.412534 0.846639 0.854232
0.858029 1.78227 0.498229 0.685694 3.90921 1.4025 1.65592 1.50942 0.470325 0.455273 2.00576 0.531915 0.763844 0.840977 0.244873 0.34402 0.854232 0.861826
0.865623 1.76337 0.471624 0.697319 3.64556 1.08992 1.65514 1.52192 0.478295 0.516517 1.98351 0.554335 0.773826 0.836173 0.0971799 0.392749 0.861826 0.869420
0.873217 1.85369 0.595143 0.783623 4.30862 1.7339 1.9545 1.53875 0.579881 0.550332 2.0747 0.714423 0.872695 0.922782 0.134816 0.433185 0.869420 0.877014
0.880810 1.81322 0.616233 0.820571 4.17405 2.25465 1.93375 1.51035 0.566919 0.580762 2.03492 0.724332 0.908939 0.879405 0.187736 0.426612 0.877014 0.884607
0.888404 1.77812 0.479767 0.832201 4.0112 2.60375 1.8648 1.49165 0.439878 0.598254 2.02009 0.551031 0.955037 0.758922 0.163579 0.350264 0.884607 0.892201
0.895998 1.92493 0.545538 0.986057 4.67137 3.71616 2.19839 1.5726 0.396262 0.702922 2.12856 0.613395 1.07218 1.06725 0.231859 0.590009 0.892201 0.899795
0.903592 1.63109 0.4853 0.796291 4.246 4.49567 1.71335 1.29563 0.405591 0.544018 1.85076 0.53336 0.912839 0.705845 0.349833 0.298259 0.899795 0.907389
0.911185 1.7221 0.44836 0.883727 5.34764 4.82066 2.62635 1.25699 0.333548 0.517417 1.95215 0.504942 1.01136 0.753119 0.229663 0.35793 0.907389 0.914982
0.918779 1.81203 0.482689 1.00021 6.12335 5.7187 3.40309 1.25895 0.302716 0.559568 2.08466 0.531821 1.16871 0.663728 0.207782 0.297449 0.914982 0.922576
0.926373 1.69417 0.437674 0.93305 5.86069 6.81171 3.13319 1.15966 0.294085 0.522755 1.94022 0.513034 1.0821 0.657801 0.215382 0.312378 0.922576 0.930170
0.933967 1.62991 0.343502 0.934448 5.95945 7.31929 3.12651 1.07449 0.182038 0.487742 1.84755 0.373945 1.06477 0.713198 0.199718 0.385192 0.930170 0.937763
0.941560 1.76017 0.37411 1.05999 7.18736 7.92698 4.2443 1.06394 0.185447 0.488478 1.98409 0.461589 1.18977 0.817011 0.155864 0.494118 0.937763 0.945357
0.949154 1.7603 0.453651 1.05224 6.4777 10.0847 3.41047 1.15513 0.0897989 0.594429 1.93303 0.575188 1.15264 1.03279 0 0.669435 0.945357 0.952951
0.956748 1.8237 0.51317 1.11909 9.09229 12.9246 5.25063 0.891243 0.130642 0.385762 2.11826 0.598997 1.32122 0.582994 0.128556 0.282841 0.952951 0.960545
0.964342 1.72084 0.616571 1.05446 9.01335 16.6955 5.16022 0.785321 0.0693062 0.324946 1.98844 0.749782 1.22543 0.593705 0.0951284 0.329186 0.960545 0.968138
0.971935 1.55308 0.694802 0.928637 8.43843 18.5829 4.53795 0.669789 0.0413242 0.248695 1.79889 0.822785 1.09182 0.517743 0.111968 0.254147 0.968138 0.975732
0.979529 1.63459 0.765668 1.01502 11.1324 20.808 6.30045 0.416162 0.0368005 0.0854679 1.85524 0.952394 1.14843 0.705225 0.0243412 0.438625 0.975732 0.983326
0.987123 0 0 0 0 0 0 0 0 0 0 0 0 0 0 0 0.983326 0.990920
0.994717 0 0 0 0 0 0 0 0 0 0 0 0 0 0 0 0.990920 0.998514
1.000412 0 0 0 0 0 0 0 0 0 0 0 0 0 0 0 0.998514 1.002310
