#Observed stellar mass range: 7.4 < log10(M*/Msun) < 7.6
#Quenched threshold: Obs. SFR / Obs. SM < 1e-11 / yr
#SFHs in units of observed Msun/yr.
#True SFHs rescaled by average systematic offset of -0.0193591 dex to be consistent with average observed stellar mass in bin.
#See documentation for explanation of true vs. observed SFRs and SMs.
#Bestfit galaxies in bin: 295843
#Bestfit SF galaxies in bin: 295843
#Bestfit Q galaxies in bin: 0
#Bestfit central galaxies in bin: 251649
#Bestfit satellite galaxies in bin: 44194
#Avg_scale_factor <SFH_all> Err+ Err- <SFH_SF> Err+ Err- <SFH_Q> Err+ Err- <SFH_Cen> Err+ Err- <SFH_Sat> Err+ Err- Scale_factor_begin Scale_factor_end
0.028936 0 0 0 0 0 0 0 0 0 0 0 0 0 0 0 0.000000 0.057873
0.059561 5.821e-07 3.37199e-06 5.73828e-07 5.821e-07 2.20858e-06 5.74902e-07 0 0 0 0 1.17906e-06 0 3.89669e-06 1.20575e-05 3.84471e-06 0.057873 0.061248
0.062373 3.94692e-06 1.32946e-05 3.80464e-06 3.94692e-06 1.28297e-05 3.80464e-06 0 0 0 1.05584e-06 2.88617e-06 1.05584e-06 2.04093e-05 6.4497e-05 1.94147e-05 0.061248 0.063498
0.064623 1.41117e-05 2.21168e-05 1.31525e-05 1.41117e-05 1.6859e-05 1.31525e-05 0 0 0 6.05943e-06 4.12753e-06 5.89235e-06 5.99631e-05 0.000111009 5.46776e-05 0.063498 0.065748
0.066873 3.25026e-05 3.20016e-05 2.68443e-05 3.25026e-05 2.58857e-05 2.68443e-05 0 0 0 1.26354e-05 7.49004e-06 1.125e-05 0.00014563 0.000154727 0.000113851 0.065748 0.067998
0.069123 8.20979e-05 6.35648e-05 5.88959e-05 8.20979e-05 5.32705e-05 5.88959e-05 0 0 0 3.69594e-05 1.81502e-05 2.92719e-05 0.000339125 0.000323284 0.000221186 0.067998 0.070248
0.071373 0.000196764 0.000138469 0.000135083 0.000196764 0.000106441 0.000135083 0 0.000182269 0 0.000100717 5.25479e-05 7.70505e-05 0.000743674 0.000623685 0.000450856 0.070248 0.072498
0.073623 0.000344955 0.000309653 0.000217995 0.000344955 0.000230242 0.000217995 0 0.00200959 0 0.000196146 0.00014018 0.000139911 0.0011923 0.00128045 0.00059664 0.072498 0.074748
0.075873 0.000641679 0.000629487 0.000387036 0.000641679 0.000513634 0.000387036 0 0.00373674 0 0.00038501 0.000343865 0.000261401 0.0021032 0.00220712 0.00106002 0.074748 0.076998
0.078123 0.00107878 0.00110322 0.000631012 0.00107878 0.000841973 0.000631012 0 0.00581062 0 0.00070135 0.000626239 0.00045827 0.00322792 0.00341379 0.0014752 0.076998 0.079248
0.080373 0.00184004 0.00169369 0.00102756 0.00184004 0.00135809 0.00102756 0 0.0083736 0 0.00126509 0.0010643 0.000789015 0.00511395 0.00452935 0.0023048 0.079248 0.081498
0.082904 0.00279035 0.00232958 0.00150225 0.00279035 0.00197434 0.00150225 0 0.0120282 0 0.00205799 0.00149027 0.00122442 0.00696058 0.00625403 0.00300079 0.081498 0.084311
0.085998 0.00506512 0.00328864 0.00251703 0.00506512 0.00309865 0.00251703 0 0.0251378 0 0.00394241 0.00239539 0.00213615 0.011458 0.00818276 0.00455672 0.084311 0.087685
0.089373 0.00826999 0.00476284 0.00384443 0.00826999 0.0040688 0.00384443 0 0.0358019 0 0.00673974 0.00348542 0.00337315 0.0169835 0.0104716 0.00624349 0.087685 0.091061
0.092748 0.0125227 0.00613713 0.00533621 0.0125227 0.00556077 0.00533621 0 0.0501482 0 0.0105169 0.00482253 0.00487032 0.0239445 0.0125133 0.00807687 0.091061 0.094435
0.096123 0.0178196 0.00793728 0.00706591 0.0178196 0.0070957 0.00706591 0 0.0561322 0 0.0153858 0.00670184 0.00646277 0.0316782 0.0140035 0.00948685 0.094435 0.097811
0.099498 0.0240451 0.00937544 0.00839092 0.0240451 0.00847499 0.00839092 0 0.068468 0 0.0211907 0.00829465 0.00792141 0.0402983 0.0157688 0.0110211 0.097811 0.101186
0.102873 0.0305237 0.0102858 0.00977575 0.0305237 0.00931194 0.00977575 0 0.0773341 0 0.0273473 0.00903861 0.00921806 0.0486104 0.0176024 0.0124226 0.101186 0.104560
0.106248 0.0372561 0.0115181 0.0108523 0.0372561 0.0114724 0.0108523 0 0.0847532 0 0.0339491 0.0105545 0.0103124 0.0560865 0.0184042 0.012884 0.104560 0.107936
0.109623 0.0436257 0.0127164 0.0115555 0.0436257 0.0124742 0.0115555 0 0.0904929 0 0.0401512 0.0120028 0.0113048 0.06341 0.0183684 0.0132837 0.107936 0.111310
0.112998 0.0494074 0.0127968 0.0112728 0.0494074 0.0127217 0.0112728 0 0.0956644 0 0.0459343 0.0119122 0.011221 0.0691836 0.0193519 0.0136521 0.111310 0.114686
0.116373 0.0542688 0.0121541 0.0114416 0.0542688 0.0114632 0.0114416 0 0.0977176 0 0.0507667 0.0115166 0.0109596 0.0742102 0.0180181 0.0130667 0.114686 0.118060
0.119748 0.0585791 0.010959 0.011268 0.0585791 0.010853 0.0112722 0 0.105602 0 0.0552356 0.0105495 0.0106926 0.0776178 0.0154426 0.0118047 0.118060 0.121435
0.123123 0.0628139 0.010829 0.0102533 0.0628139 0.0108292 0.0102572 0 0.109594 0 0.0596877 0.0104011 0.00992012 0.0806154 0.0138385 0.0108118 0.121435 0.124811
0.126498 0.0673717 0.0113513 0.00938885 0.0673717 0.0102945 0.00962456 0 0.111554 0 0.0646571 0.0110708 0.00940017 0.0828292 0.0132917 0.0102957 0.124811 0.128185
0.129873 0.0716053 0.0116828 0.00908635 0.0716053 0.010009 0.00945637 0 0.115081 0 0.0694009 0.0111295 0.00899653 0.0841577 0.0133579 0.0102089 0.128185 0.131561
0.133248 0.0754371 0.0117949 0.00927452 0.0754371 0.0108627 0.00986882 0 0.116146 0 0.0737975 0.0119252 0.00911884 0.0847734 0.0123101 0.0108592 0.131561 0.134935
0.137045 0.0793914 0.0111113 0.00960571 0.0793914 0.0107361 0.0100764 0 0.105578 0 0.0784493 0.0116337 0.00954016 0.0847556 0.0113052 0.0119085 0.134935 0.139154
0.141685 0.0841246 0.0111035 0.0115996 0.0841246 0.0116859 0.0114384 0 0.0820864 0 0.0845 0.0117907 0.0115151 0.0819871 0.0101327 0.0125253 0.139154 0.144217
0.146748 0.0888866 0.0112668 0.0144544 0.0888866 0.0126779 0.013644 0 0.0537191 0 0.090702 0.0117428 0.0144263 0.0785492 0.00956343 0.0138511 0.144217 0.149279
0.151810 0.0929429 0.0114536 0.0169751 0.0929429 0.014644 0.0166625 0 0.0284488 0 0.0960652 0.0125659 0.0175676 0.0751643 0.00899928 0.0149084 0.149279 0.154342
0.156873 0.097352 0.0135092 0.0201928 0.097352 0.0175432 0.0196471 0 7.98366e-05 0 0.101899 0.0154145 0.0212917 0.0714617 0.00839384 0.0153294 0.154342 0.159404
0.161935 0 0 0 0 0 0 0 0 0 0 0 0 0 0 0 0.159404 0.164467
0.166998 0 0 0 0 0 0 0 0 0 0 0 0 0 0 0 0.164467 0.169529
0.172060 0 0 0 0 0 0 0 0 0 0 0 0 0 0 0 0.169529 0.174591
0.177123 0 0 0 0 0 0 0 0 0 0 0 0 0 0 0 0.174591 0.179654
0.182185 0 0 0 0 0 0 0 0 0 0 0 0 0 0 0 0.179654 0.184716
0.187248 0 0 0 0 0 0 0 0 0 0 0 0 0 0 0 0.184716 0.189779
0.192310 0 0 0 0 0 0 0 0 0 0 0 0 0 0 0 0.189779 0.194842
0.197373 0 0 0 0 0 0 0 0 0 0 0 0 0 0 0 0.194842 0.199904
0.202435 0 0 0 0 0 0 0 0 0 0 0 0 0 0 0 0.199904 0.204967
0.207498 0 0 0 0 0 0 0 0 0 0 0 0 0 0 0 0.204967 0.210029
0.212560 0 0 0 0 0 0 0 0 0 0 0 0 0 0 0 0.210029 0.215091
0.217623 0 0 0 0 0 0 0 0 0 0 0 0 0 0 0 0.215091 0.220154
0.222685 0 0 0 0 0 0 0 0 0 0 0 0 0 0 0 0.220154 0.225217
0.227748 0 0 0 0 0 0 0 0 0 0 0 0 0 0 0 0.225217 0.230279
0.232810 0 0 0 0 0 0 0 0 0 0 0 0 0 0 0 0.230279 0.235342
0.237873 0 0 0 0 0 0 0 0 0 0 0 0 0 0 0 0.235342 0.240404
0.242935 0 0 0 0 0 0 0 0 0 0 0 0 0 0 0 0.240404 0.245467
0.247998 0 0 0 0 0 0 0 0 0 0 0 0 0 0 0 0.245467 0.250529
0.253060 0 0 0 0 0 0 0 0 0 0 0 0 0 0 0 0.250529 0.255592
0.258123 0 0 0 0 0 0 0 0 0 0 0 0 0 0 0 0.255592 0.260654
0.263185 0 0 0 0 0 0 0 0 0 0 0 0 0 0 0 0.260654 0.265716
0.268248 0 0 0 0 0 0 0 0 0 0 0 0 0 0 0 0.265716 0.270779
0.273310 0 0 0 0 0 0 0 0 0 0 0 0 0 0 0 0.270779 0.275842
0.278373 0 0 0 0 0 0 0 0 0 0 0 0 0 0 0 0.275842 0.280904
0.283435 0 0 0 0 0 0 0 0 0 0 0 0 0 0 0 0.280904 0.285967
0.288498 0 0 0 0 0 0 0 0 0 0 0 0 0 0 0 0.285967 0.291029
0.293560 0 0 0 0 0 0 0 0 0 0 0 0 0 0 0 0.291029 0.296091
0.298623 0 0 0 0 0 0 0 0 0 0 0 0 0 0 0 0.296091 0.301154
0.303685 0 0 0 0 0 0 0 0 0 0 0 0 0 0 0 0.301154 0.306217
0.308748 0 0 0 0 0 0 0 0 0 0 0 0 0 0 0 0.306217 0.311279
0.313810 0 0 0 0 0 0 0 0 0 0 0 0 0 0 0 0.311279 0.316341
0.318873 0 0 0 0 0 0 0 0 0 0 0 0 0 0 0 0.316341 0.321404
0.323935 0 0 0 0 0 0 0 0 0 0 0 0 0 0 0 0.321404 0.326466
0.328997 0 0 0 0 0 0 0 0 0 0 0 0 0 0 0 0.326466 0.331528
0.334060 0 0 0 0 0 0 0 0 0 0 0 0 0 0 0 0.331528 0.336591
0.339122 0 0 0 0 0 0 0 0 0 0 0 0 0 0 0 0.336591 0.341653
0.344185 0 0 0 0 0 0 0 0 0 0 0 0 0 0 0 0.341653 0.346716
0.349247 0 0 0 0 0 0 0 0 0 0 0 0 0 0 0 0.346716 0.351779
0.354310 0 0 0 0 0 0 0 0 0 0 0 0 0 0 0 0.351779 0.356841
0.359372 0 0 0 0 0 0 0 0 0 0 0 0 0 0 0 0.356841 0.361903
0.364435 0 0 0 0 0 0 0 0 0 0 0 0 0 0 0 0.361903 0.366966
0.369497 0 0 0 0 0 0 0 0 0 0 0 0 0 0 0 0.366966 0.372028
0.374560 0 0 0 0 0 0 0 0 0 0 0 0 0 0 0 0.372028 0.377091
0.379622 0 0 0 0 0 0 0 0 0 0 0 0 0 0 0 0.377091 0.382154
0.384685 0 0 0 0 0 0 0 0 0 0 0 0 0 0 0 0.382154 0.387216
0.389747 0 0 0 0 0 0 0 0 0 0 0 0 0 0 0 0.387216 0.392278
0.394810 0 0 0 0 0 0 0 0 0 0 0 0 0 0 0 0.392278 0.397341
0.399872 0 0 0 0 0 0 0 0 0 0 0 0 0 0 0 0.397341 0.402404
0.404935 0 0 0 0 0 0 0 0 0 0 0 0 0 0 0 0.402404 0.407466
0.409997 0 0 0 0 0 0 0 0 0 0 0 0 0 0 0 0.407466 0.412529
0.415060 0 0 0 0 0 0 0 0 0 0 0 0 0 0 0 0.412529 0.417591
0.420122 0 0 0 0 0 0 0 0 0 0 0 0 0 0 0 0.417591 0.422653
0.425185 0 0 0 0 0 0 0 0 0 0 0 0 0 0 0 0.422653 0.427716
0.430247 0 0 0 0 0 0 0 0 0 0 0 0 0 0 0 0.427716 0.432779
0.435310 0 0 0 0 0 0 0 0 0 0 0 0 0 0 0 0.432779 0.437841
0.440372 0 0 0 0 0 0 0 0 0 0 0 0 0 0 0 0.437841 0.442903
0.445435 0 0 0 0 0 0 0 0 0 0 0 0 0 0 0 0.442903 0.447966
0.450497 0 0 0 0 0 0 0 0 0 0 0 0 0 0 0 0.447966 0.453029
0.455560 0 0 0 0 0 0 0 0 0 0 0 0 0 0 0 0.453029 0.458091
0.460622 0 0 0 0 0 0 0 0 0 0 0 0 0 0 0 0.458091 0.463154
0.465685 0 0 0 0 0 0 0 0 0 0 0 0 0 0 0 0.463154 0.468216
0.470747 0 0 0 0 0 0 0 0 0 0 0 0 0 0 0 0.468216 0.473278
0.475810 0 0 0 0 0 0 0 0 0 0 0 0 0 0 0 0.473278 0.478341
0.480872 0 0 0 0 0 0 0 0 0 0 0 0 0 0 0 0.478341 0.483404
0.485935 0 0 0 0 0 0 0 0 0 0 0 0 0 0 0 0.483404 0.488466
0.490997 0 0 0 0 0 0 0 0 0 0 0 0 0 0 0 0.488466 0.493528
0.496060 0 0 0 0 0 0 0 0 0 0 0 0 0 0 0 0.493528 0.498591
0.501122 0 0 0 0 0 0 0 0 0 0 0 0 0 0 0 0.498591 0.503654
0.506185 0 0 0 0 0 0 0 0 0 0 0 0 0 0 0 0.503654 0.508716
0.511247 0 0 0 0 0 0 0 0 0 0 0 0 0 0 0 0.508716 0.513778
0.516310 0 0 0 0 0 0 0 0 0 0 0 0 0 0 0 0.513778 0.518841
0.521372 0 0 0 0 0 0 0 0 0 0 0 0 0 0 0 0.518841 0.523903
0.526435 0 0 0 0 0 0 0 0 0 0 0 0 0 0 0 0.523903 0.528966
0.531497 0 0 0 0 0 0 0 0 0 0 0 0 0 0 0 0.528966 0.534029
0.536560 0 0 0 0 0 0 0 0 0 0 0 0 0 0 0 0.534029 0.539091
0.541622 0 0 0 0 0 0 0 0 0 0 0 0 0 0 0 0.539091 0.544153
0.546685 0 0 0 0 0 0 0 0 0 0 0 0 0 0 0 0.544153 0.549216
0.551747 0 0 0 0 0 0 0 0 0 0 0 0 0 0 0 0.549216 0.554278
0.556810 0 0 0 0 0 0 0 0 0 0 0 0 0 0 0 0.554278 0.559341
0.561872 0 0 0 0 0 0 0 0 0 0 0 0 0 0 0 0.559341 0.564404
0.566935 0 0 0 0 0 0 0 0 0 0 0 0 0 0 0 0.564404 0.569466
0.571997 0 0 0 0 0 0 0 0 0 0 0 0 0 0 0 0.569466 0.574528
0.577060 0 0 0 0 0 0 0 0 0 0 0 0 0 0 0 0.574528 0.579592
0.582123 0 0 0 0 0 0 0 0 0 0 0 0 0 0 0 0.579592 0.584654
0.587185 0 0 0 0 0 0 0 0 0 0 0 0 0 0 0 0.584654 0.589717
0.592248 0 0 0 0 0 0 0 0 0 0 0 0 0 0 0 0.589717 0.594779
0.597310 0 0 0 0 0 0 0 0 0 0 0 0 0 0 0 0.594779 0.599841
0.602373 0 0 0 0 0 0 0 0 0 0 0 0 0 0 0 0.599841 0.604904
0.607435 0 0 0 0 0 0 0 0 0 0 0 0 0 0 0 0.604904 0.609967
0.612498 0 0 0 0 0 0 0 0 0 0 0 0 0 0 0 0.609967 0.615029
0.617560 0 0 0 0 0 0 0 0 0 0 0 0 0 0 0 0.615029 0.620092
0.622623 0 0 0 0 0 0 0 0 0 0 0 0 0 0 0 0.620092 0.625154
0.627685 0 0 0 0 0 0 0 0 0 0 0 0 0 0 0 0.625154 0.630216
0.632748 0 0 0 0 0 0 0 0 0 0 0 0 0 0 0 0.630216 0.635279
0.637810 0 0 0 0 0 0 0 0 0 0 0 0 0 0 0 0.635279 0.640342
0.642873 0 0 0 0 0 0 0 0 0 0 0 0 0 0 0 0.640342 0.645404
0.647935 0 0 0 0 0 0 0 0 0 0 0 0 0 0 0 0.645404 0.650466
0.652998 0 0 0 0 0 0 0 0 0 0 0 0 0 0 0 0.650466 0.655529
0.658060 0 0 0 0 0 0 0 0 0 0 0 0 0 0 0 0.655529 0.660591
0.663123 0 0 0 0 0 0 0 0 0 0 0 0 0 0 0 0.660591 0.665654
0.668185 0 0 0 0 0 0 0 0 0 0 0 0 0 0 0 0.665654 0.670717
0.673248 0 0 0 0 0 0 0 0 0 0 0 0 0 0 0 0.670717 0.675779
0.678310 0 0 0 0 0 0 0 0 0 0 0 0 0 0 0 0.675779 0.680841
0.684006 0 0 0 0 0 0 0 0 0 0 0 0 0 0 0 0.680841 0.687170
0.690967 0 0 0 0 0 0 0 0 0 0 0 0 0 0 0 0.687170 0.694764
0.698560 0 0 0 0 0 0 0 0 0 0 0 0 0 0 0 0.694764 0.702357
0.706154 0 0 0 0 0 0 0 0 0 0 0 0 0 0 0 0.702357 0.709951
0.713748 0 0 0 0 0 0 0 0 0 0 0 0 0 0 0 0.709951 0.717545
0.721342 0 0 0 0 0 0 0 0 0 0 0 0 0 0 0 0.717545 0.725139
0.728935 0 0 0 0 0 0 0 0 0 0 0 0 0 0 0 0.725139 0.732732
0.736529 0 0 0 0 0 0 0 0 0 0 0 0 0 0 0 0.732732 0.740326
0.744123 0 0 0 0 0 0 0 0 0 0 0 0 0 0 0 0.740326 0.747920
0.751717 0 0 0 0 0 0 0 0 0 0 0 0 0 0 0 0.747920 0.755513
0.759310 0 0 0 0 0 0 0 0 0 0 0 0 0 0 0 0.755513 0.763107
0.766904 0 0 0 0 0 0 0 0 0 0 0 0 0 0 0 0.763107 0.770701
0.774498 0 0 0 0 0 0 0 0 0 0 0 0 0 0 0 0.770701 0.778295
0.782092 0 0 0 0 0 0 0 0 0 0 0 0 0 0 0 0.778295 0.785888
0.789685 0 0 0 0 0 0 0 0 0 0 0 0 0 0 0 0.785888 0.793482
0.797279 0 0 0 0 0 0 0 0 0 0 0 0 0 0 0 0.793482 0.801076
0.804873 0 0 0 0 0 0 0 0 0 0 0 0 0 0 0 0.801076 0.808670
0.812467 0 0 0 0 0 0 0 0 0 0 0 0 0 0 0 0.808670 0.816263
0.820060 0 0 0 0 0 0 0 0 0 0 0 0 0 0 0 0.816263 0.823857
0.827654 0 0 0 0 0 0 0 0 0 0 0 0 0 0 0 0.823857 0.831451
0.835248 0 0 0 0 0 0 0 0 0 0 0 0 0 0 0 0.831451 0.839045
0.842842 0 0 0 0 0 0 0 0 0 0 0 0 0 0 0 0.839045 0.846639
0.850435 0 0 0 0 0 0 0 0 0 0 0 0 0 0 0 0.846639 0.854232
0.858029 0 0 0 0 0 0 0 0 0 0 0 0 0 0 0 0.854232 0.861826
0.865623 0 0 0 0 0 0 0 0 0 0 0 0 0 0 0 0.861826 0.869420
0.873217 0 0 0 0 0 0 0 0 0 0 0 0 0 0 0 0.869420 0.877014
0.880810 0 0 0 0 0 0 0 0 0 0 0 0 0 0 0 0.877014 0.884607
0.888404 0 0 0 0 0 0 0 0 0 0 0 0 0 0 0 0.884607 0.892201
0.895998 0 0 0 0 0 0 0 0 0 0 0 0 0 0 0 0.892201 0.899795
0.903592 0 0 0 0 0 0 0 0 0 0 0 0 0 0 0 0.899795 0.907389
0.911185 0 0 0 0 0 0 0 0 0 0 0 0 0 0 0 0.907389 0.914982
0.918779 0 0 0 0 0 0 0 0 0 0 0 0 0 0 0 0.914982 0.922576
0.926373 0 0 0 0 0 0 0 0 0 0 0 0 0 0 0 0.922576 0.930170
0.933967 0 0 0 0 0 0 0 0 0 0 0 0 0 0 0 0.930170 0.937763
0.941560 0 0 0 0 0 0 0 0 0 0 0 0 0 0 0 0.937763 0.945357
0.949154 0 0 0 0 0 0 0 0 0 0 0 0 0 0 0 0.945357 0.952951
0.956748 0 0 0 0 0 0 0 0 0 0 0 0 0 0 0 0.952951 0.960545
0.964342 0 0 0 0 0 0 0 0 0 0 0 0 0 0 0 0.960545 0.968138
0.971935 0 0 0 0 0 0 0 0 0 0 0 0 0 0 0 0.968138 0.975732
0.979529 0 0 0 0 0 0 0 0 0 0 0 0 0 0 0 0.975732 0.983326
0.987123 0 0 0 0 0 0 0 0 0 0 0 0 0 0 0 0.983326 0.990920
0.994717 0 0 0 0 0 0 0 0 0 0 0 0 0 0 0 0.990920 0.998514
1.000412 0 0 0 0 0 0 0 0 0 0 0 0 0 0 0 0.998514 1.002310
