#Observed stellar mass range: 12 < log10(M*/Msun) < 12.2
#Quenched threshold: Obs. SFR / Obs. SM < 1e-11 / yr
#SFHs in units of observed Msun/yr.
#True SFHs rescaled by average systematic offset of 0.00516155 dex to be consistent with average observed stellar mass in bin.
#See documentation for explanation of true vs. observed SFRs and SMs.
#Bestfit galaxies in bin: 42
#Bestfit SF galaxies in bin: 3
#Bestfit Q galaxies in bin: 39
#Bestfit central galaxies in bin: 42
#Bestfit satellite galaxies in bin: 0
#Avg_scale_factor <SFH_all> Err+ Err- <SFH_SF> Err+ Err- <SFH_Q> Err+ Err- <SFH_Cen> Err+ Err- <SFH_Sat> Err+ Err- Scale_factor_begin Scale_factor_end
0.028936 1.77226e-07 0.0201728 1.77226e-07 1.29311e-09 0.0114873 1.29311e-09 1.9076e-07 0.0193502 1.9076e-07 1.77226e-07 0.0201728 1.77226e-07 0 0 0 0.000000 0.057873
0.059561 0.0254533 0.503514 0.0253948 0.0185284 0.702435 0.0185284 0.025986 0.405312 0.0259382 0.0254533 0.503514 0.0253948 0 0 0 0.057873 0.061248
0.062373 0.122552 1.06599 0.118589 0.0711181 1.09241 0.0711181 0.126509 0.944587 0.122473 0.122552 1.06599 0.118589 0 0 0 0.061248 0.063498
0.064623 0.358176 0.939526 0.328008 0.37961 2.42929 0.37961 0.356527 0.874034 0.328306 0.358176 0.939526 0.328008 0 0 0 0.063498 0.065748
0.066873 0.994544 1.03082 0.898855 0.953133 4.05768 0.944316 0.99773 0.804096 0.903977 0.994544 1.03082 0.898855 0 0 0 0.065748 0.067998
0.069123 2.02884 1.27661 1.77311 3.23841 5.35718 3.18901 1.9358 0.941428 1.69546 2.02884 1.27661 1.77311 0 0 0 0.067998 0.070248
0.071373 3.31773 1.11592 2.73127 4.61676 6.0618 4.43008 3.2178 0.956558 2.6208 3.31773 1.11592 2.73127 0 0 0 0.070248 0.072498
0.073623 4.75046 1.7627 3.60255 7.08305 9.49958 6.62016 4.57103 0.935675 3.50507 4.75046 1.7627 3.60255 0 0 0 0.072498 0.074748
0.075873 6.69966 2.30689 4.46453 7.84654 10.4063 6.94872 6.61144 1.74582 4.52091 6.69966 2.30689 4.46453 0 0 0 0.074748 0.076998
0.078123 8.90132 1.82943 5.59474 7.98534 8.57333 6.56772 8.97178 1.17676 5.83138 8.90132 1.8372 5.59474 0 0 0 0.076998 0.079248
0.080373 11.5584 1.93464 6.91062 8.83217 11.5564 6.56409 11.7681 1.1708 7.22028 11.5584 1.93464 6.91062 0 0 0 0.079248 0.081498
0.082904 12.0944 2.6711 6.39155 10.6069 12.6966 7.56713 12.2088 2.55828 6.70877 12.0944 2.6711 6.39155 0 0 0 0.081498 0.084311
0.085998 16.2078 3.98416 7.592 15.5316 19.751 9.5016 16.2598 3.78848 7.83724 16.2078 3.98416 7.592 0 0 0 0.084311 0.087685
0.089373 20.1712 6.56277 7.6511 19.6593 25.004 12.1707 20.2106 5.9487 7.98606 20.1712 6.56277 7.6511 0 0 0 0.087685 0.091061
0.092748 26.9139 5.97891 10.4963 29.6503 34.2983 19.796 26.7035 6.19455 10.8264 26.9139 5.97891 10.4963 0 0 0 0.091061 0.094435
0.096123 34.3494 7.87607 11.5285 38.1582 44.4432 25.7013 34.0565 7.23917 12.5114 34.3494 7.87607 11.5285 0 0 0 0.094435 0.097811
0.099498 45.4506 5.76354 16.3333 47.7518 70.7977 33.0776 45.2736 3.10641 17.2133 45.4506 5.77096 16.3333 0 0 0 0.097811 0.101186
0.102873 55.3218 3.88274 19.7666 54.1818 84.0486 34.7496 55.4095 2.29295 21.3993 55.3218 4.75316 19.7666 0 0 0 0.101186 0.104560
0.106248 62.723 5.15295 20.7061 65.5057 94.5347 35.1007 62.5089 3.12793 22.0124 62.723 5.15295 20.7061 0 0 0 0.104560 0.107936
0.109623 72.5559 4.67423 23.3755 81.269 114.481 41.6066 71.8857 2.5609 24.6842 72.5559 4.67423 23.3755 0 0 0 0.107936 0.111310
0.112998 84.8897 6.29098 23.9607 97.5264 96.5787 49.3163 83.9176 5.60947 24.738 84.8897 6.29098 23.7262 0 0 0 0.111310 0.114686
0.116373 97.1783 6.81541 27.4485 134.76 152.193 55.9066 94.2874 6.23151 27.1908 97.1783 6.81541 27.4485 0 0 0 0.114686 0.118060
0.119748 105.563 7.66216 27.9588 130.821 118.115 59.964 103.62 8.22603 27.6581 105.563 7.66216 27.9588 0 0 0 0.118060 0.121435
0.123123 116.212 5.95959 30.3238 135.921 122.232 63.1282 114.696 5.09988 29.9613 116.212 5.95959 30.3238 0 0 0 0.121435 0.124811
0.126498 135.556 3.58269 37.7001 152.709 154.094 75.7563 134.236 3.22828 38.0332 135.556 3.70858 37.7001 0 0 0 0.124811 0.128185
0.129873 166.713 -4.07177 53.8132 193.59 274.858 107.563 164.646 -5.8219 54.814 166.713 -4.07177 53.8132 0 0 0 0.128185 0.131561
0.133248 203.643 -8.89444 69.6857 198.527 326.321 108.72 204.037 -13.9777 72.5737 203.643 -8.89444 69.6857 0 0 0 0.131561 0.134935
0.137045 213.344 -6.49699 63.2428 208.843 263.638 128.235 213.69 -7.22581 68.0178 213.344 -5.43319 63.2428 0 0 0 0.134935 0.139154
0.141685 248.806 -12.2268 76.5364 238.036 243.266 134.457 249.635 -12.9781 81.3992 248.806 -10.9724 76.5364 0 0 0 0.139154 0.144217
0.146748 274.534 -10.601 78.4391 303.323 185.694 160.636 272.32 -8.56589 85.9305 274.534 -9.9611 78.4391 0 0 0 0.144217 0.149279
0.151810 315.708 -1.68782 86.9254 361.8 277.537 161.021 312.163 0 92.929 315.708 -1.68782 86.9254 0 0 0 0.149279 0.154342
0.156873 362.097 -16.7262 104.258 413.644 341.118 167.561 358.132 -19.8964 115.274 362.097 -16.7262 104.258 0 0 0 0.154342 0.159404
0.161935 393.369 2.04525 101.813 402.651 295.033 145.758 392.655 0.836049 110.82 393.369 2.04525 101.813 0 0 0 0.159404 0.164467
0.166998 433.941 37.7097 97.046 459.172 318.915 244.782 432 36.048 104.624 433.941 37.7097 97.046 0 0 0 0.164467 0.169529
0.172060 469.403 38.7453 98.5772 477.961 370.741 282.898 468.745 41.8544 108.654 469.403 38.7453 98.5772 0 0 0 0.169529 0.174591
0.177123 485.038 22.9723 113.495 497.049 415.402 268.712 484.114 22.8289 122.226 485.038 22.9723 113.495 0 0 0 0.174591 0.179654
0.182185 524.331 20.6038 124.514 654.339 406.556 425.056 514.33 25.1346 136.153 524.331 20.6038 124.514 0 0 0 0.179654 0.184716
0.187248 545.367 46.8825 118.137 653.554 523.148 416.472 537.045 36.2407 139.924 545.367 46.8825 118.137 0 0 0 0.184716 0.189779
0.192310 604.986 52.9895 135.96 671.001 579.985 272.52 599.908 47.0709 152.547 604.986 52.9895 135.96 0 0 0 0.189779 0.194842
0.197373 604.071 85.1859 109.942 651.944 645.159 244.305 600.388 78.1061 127.434 604.071 85.1859 109.942 0 0 0 0.194842 0.199904
0.202435 641.929 113.491 108.897 583.694 680.746 285.774 646.408 104.945 134.052 641.929 113.491 105.836 0 0 0 0.199904 0.204967
0.207498 614.7 117.834 97.0849 563.337 608.598 131.61 618.651 121.445 108.9 614.7 117.834 97.0849 0 0 0 0.204967 0.210029
0.212560 567.71 152.064 71.407 634.581 460.941 291.539 562.566 165.876 84.6352 567.71 152.064 71.407 0 0 0 0.210029 0.215091
0.217623 622.169 140.865 97.8427 673.414 480.235 352.378 618.227 150.964 108.741 622.169 140.865 97.8427 0 0 0 0.215091 0.220154
0.222685 664.822 133.968 93.5469 730.023 437.596 457.714 659.806 145.52 107.97 664.822 133.968 92.698 0 0 0 0.220154 0.225217
0.227748 637.642 146.054 67.7524 830.318 400.275 562.997 622.82 170.289 75.9607 637.642 146.054 67.7524 0 0 0 0.225217 0.230279
0.232810 657.78 151.908 77.8638 886.985 424.659 599.986 640.148 173.665 77.8326 657.78 151.908 77.8638 0 0 0 0.230279 0.235342
0.237873 666.721 129.792 105.076 790.265 399.521 440.851 657.218 143.92 113.818 666.721 129.792 105.076 0 0 0 0.235342 0.240404
0.242935 642.345 134.423 99.6067 766.705 485.323 380.685 632.779 145.943 116.922 642.345 134.423 99.6067 0 0 0 0.240404 0.245467
0.247998 624.945 113.864 112.385 764.468 620.653 272.867 614.212 131.763 120.778 624.945 113.864 112.385 0 0 0 0.245467 0.250529
0.253060 608.684 126.733 94.6103 724.275 469.689 297.399 599.793 146.343 108.412 608.684 126.733 94.6103 0 0 0 0.250529 0.255592
0.258123 606.708 126.857 100.247 749.865 390.741 335.449 595.696 140.542 109.981 606.708 126.857 100.247 0 0 0 0.255592 0.260654
0.263185 596.025 115.363 98.6554 840.939 394.882 358.864 577.185 131.41 106.772 596.025 115.363 98.6554 0 0 0 0.260654 0.265716
0.268248 556.822 120.93 83.5268 816.989 325.196 394.505 536.809 145.25 89.3661 556.822 120.93 83.5268 0 0 0 0.265716 0.270779
0.273310 507.646 128.718 66.289 793.31 307.357 421.586 485.671 151.003 66.408 507.646 128.718 66.289 0 0 0 0.270779 0.275842
0.278373 487.779 132.967 51.4988 816.889 399.506 436.911 462.463 157.141 53.6772 487.779 132.967 51.4988 0 0 0 0.275842 0.280904
0.283435 490.185 120.933 56.3397 928.174 376.959 464.174 456.494 150.189 54.6262 490.185 120.933 56.3397 0 0 0 0.280904 0.285967
0.288498 526.031 99.3091 83.3961 908.883 413.147 395.39 496.581 123.388 81.937 526.031 99.3091 83.3961 0 0 0 0.285967 0.291029
0.293560 491.678 97.5063 74.309 794.884 375.729 377.782 468.354 115.466 83.0929 491.678 97.5063 74.309 0 0 0 0.291029 0.296091
0.298623 455.72 97.3551 68.977 710.567 291.177 345.38 436.116 116.145 76.4594 455.72 97.3583 69.9719 0 0 0 0.296091 0.301154
0.303685 445.343 95.1827 64.786 784.738 330.61 377.163 419.236 116.973 68.0039 445.343 95.1827 64.786 0 0 0 0.301154 0.306217
0.308748 421.565 83.3013 65.1772 788.043 350.937 403.987 393.374 108.305 65.5372 421.565 83.3013 65.1772 0 0 0 0.306217 0.311279
0.313810 421.648 79.2722 62.4026 775.797 251.502 402.579 394.406 106.514 66.4201 421.648 81.4331 62.4026 0 0 0 0.311279 0.316341
0.318873 399.956 68.3191 69.4574 657.191 252.059 303.892 380.168 85.4893 72.6366 399.956 68.3191 69.4574 0 0 0 0.316341 0.321404
0.323935 365.934 79.4357 59.7039 496.239 280.276 235.087 355.911 92.1683 65.2779 365.934 79.4357 59.7039 0 0 0 0.321404 0.326466
0.328997 362.525 67.9235 60.1048 426.295 227.462 217.506 357.62 79.5386 67.3418 362.525 67.9235 60.1048 0 0 0 0.326466 0.331528
0.334060 382.216 64.3977 69.5041 421.696 217.484 202.118 379.179 67.1522 77.8834 382.216 64.3977 69.5041 0 0 0 0.331528 0.336591
0.339122 358.355 63.2301 66.8971 443.144 213.01 225.372 351.833 73.9015 71.9969 358.355 63.2301 67.2025 0 0 0 0.336591 0.341653
0.344185 361.687 54.3344 70.465 459.217 204.12 208.704 354.184 63.192 78.3274 361.687 54.3344 70.465 0 0 0 0.341653 0.346716
0.349247 321.046 56.4047 61.3603 413.133 138.137 176.925 313.963 64.3316 61.071 321.046 56.4047 61.3603 0 0 0 0.346716 0.351779
0.354310 315.436 54.3239 61.6549 362.26 161.439 133.672 311.834 55.8726 69.8607 315.436 54.3239 61.6549 0 0 0 0.351779 0.356841
0.359372 296.979 52.7515 57.6333 276.983 164.575 87.7109 298.517 53.1968 66.9649 296.979 52.7515 57.6333 0 0 0 0.356841 0.361903
0.364435 284.665 42.3442 62.539 277.554 169.679 114.981 285.212 45.5762 70.318 284.665 42.3442 62.539 0 0 0 0.361903 0.366966
0.369497 264.236 39.633 56.6406 209.357 191.953 63.4487 268.458 36.6201 68.6577 264.236 39.633 56.6406 0 0 0 0.366966 0.372028
0.374560 261.398 38.8861 58.2683 231.268 180.896 81.5237 263.715 37.9316 67.5187 261.398 38.8861 58.2683 0 0 0 0.372028 0.377091
0.379622 254.933 26.0448 64.9747 201.611 158.329 82.875 259.035 26.138 72.3379 254.933 25.0533 64.9747 0 0 0 0.377091 0.382154
0.384685 234.466 23.6088 59.8148 177.789 166.589 78.6046 238.825 25.1933 68.817 234.466 23.6088 59.8148 0 0 0 0.382154 0.387216
0.389747 218.389 31.7119 54.9372 184.864 161.907 63.3066 220.968 35.0539 62.611 218.389 31.7119 54.9372 0 0 0 0.387216 0.392278
0.394810 203.352 35.0602 47.7648 182.028 191.709 48.9459 204.993 38.7368 58.7991 203.352 35.0602 47.7648 0 0 0 0.392278 0.397341
0.399872 184.576 37.3421 41.3349 181.984 167.734 64.5468 184.776 38.7914 49.7971 184.576 36.5976 41.3349 0 0 0 0.397341 0.402404
0.404935 181.006 32.812 41.7372 218.457 150.244 93.5667 178.125 36.7885 47.9592 181.006 32.812 41.7372 0 0 0 0.402404 0.407466
0.409997 170.432 36.0469 38.4479 213.124 127.085 87.9861 167.148 40.9541 41.605 170.432 36.0469 38.4479 0 0 0 0.407466 0.412529
0.415060 154.647 37.5669 31.8424 199.458 142.586 78.181 151.2 41.3986 33.5544 154.647 37.5669 31.8424 0 0 0 0.412529 0.417591
0.420122 147.446 32.4334 33.4005 184.606 98.5969 85.0494 144.588 35.5183 36.3099 147.446 32.4334 33.4005 0 0 0 0.417591 0.422653
0.425185 140.411 30.4703 30.6351 197.924 88.5235 109.139 135.987 35.5949 31.7641 140.411 30.4703 30.6351 0 0 0 0.422653 0.427716
0.430247 137.012 24.3967 32.6709 196.833 103.218 94.2514 132.41 28.6545 34.5765 137.012 23.2524 32.6709 0 0 0 0.427716 0.432779
0.435310 141.132 19.7447 36.9139 190.518 101.578 88.47 137.333 24.284 39.2472 141.132 19.4761 36.9139 0 0 0 0.432779 0.437841
0.440372 137.51 15.7161 38.0265 187.595 104.414 83.5618 133.658 19.0629 41.2019 137.51 15.7211 38.0265 0 0 0 0.437841 0.442903
0.445435 132.513 15.2034 36.6534 170.279 92.1914 65.5081 129.608 16.7088 38.8463 132.513 15.2034 36.6534 0 0 0 0.442903 0.447966
0.450497 129.153 12.7731 38.2493 172.013 89.7242 67.4724 125.857 16.4279 40.4604 129.153 12.9943 38.2493 0 0 0 0.447966 0.453029
0.455560 122.37 13.2697 35.0055 152.536 123.333 53.5595 120.049 13.7339 38.4296 122.37 13.2697 35.0055 0 0 0 0.453029 0.458091
0.460622 119.583 14.7936 33.3901 168.248 123.832 64.5037 115.84 15.6585 35.4776 119.583 14.7936 33.3901 0 0 0 0.458091 0.463154
0.465685 109.092 12.9382 29.6842 143.678 98.3798 66.4408 106.432 15.394 30.6795 109.092 13.1714 29.6842 0 0 0 0.463154 0.468216
0.470747 101.701 13.9357 28.4936 96.274 101.241 40.6176 102.118 13.8004 31.317 101.701 14.1881 28.4936 0 0 0 0.468216 0.473278
0.475810 100.877 16.3009 25.9334 112.273 99.1571 53.8646 99.9999 17.5308 28.7701 100.877 16.3009 25.9334 0 0 0 0.473278 0.478341
0.480872 104.512 12.726 29.3938 115.849 84.7089 45.9021 103.64 13.6682 33.1088 104.512 12.726 29.3938 0 0 0 0.478341 0.483404
0.485935 95.6637 14.6697 26.0216 102.21 80.474 45.5725 95.1602 14.565 30.0881 95.6637 14.5082 26.0216 0 0 0 0.483404 0.488466
0.490997 89.9767 14.8789 26.2092 99.7626 83.5172 45.208 89.2239 15.2923 28.4491 89.9767 14.8789 26.2092 0 0 0 0.488466 0.493528
0.496060 82.2619 15.9911 23.0352 87.0402 70.1908 35.6714 81.8944 16.1421 25.2985 82.2619 15.9911 23.0352 0 0 0 0.493528 0.498591
0.501122 80.2069 14.5561 23.6642 87.7241 61.1599 33.7898 79.6286 15.6114 25.8359 80.2069 14.2709 23.6642 0 0 0 0.498591 0.503654
0.506185 76.208 14.9756 21.9126 73.0828 87.9488 29.4793 76.4484 15.1291 25.8856 76.208 14.6843 21.9126 0 0 0 0.503654 0.508716
0.511247 72.0438 15.431 19.4306 72.491 75.9806 25.4088 72.0094 15.5865 22.3265 72.0438 15.431 19.4306 0 0 0 0.508716 0.513778
0.516310 69.3225 12.5022 19.2699 95.4711 52.2835 43.6629 67.311 14.8362 20.548 69.3225 12.5022 19.2699 0 0 0 0.513778 0.518841
0.521372 66.399 11.9192 19.2631 83.3069 51.4509 39.1929 65.0984 13.8422 20.414 66.399 11.9192 19.2631 0 0 0 0.518841 0.523903
0.526435 64.7095 11.5105 19.6616 81.5777 44.3138 30.7426 63.412 12.5641 20.4892 64.7095 11.5105 19.6616 0 0 0 0.523903 0.528966
0.531497 61.6307 9.68087 19.2717 75.6931 43.8492 30.6494 60.549 10.0538 20.8552 61.6307 9.68087 19.2717 0 0 0 0.528966 0.534029
0.536560 61.8205 8.6079 20.0065 91.9828 39.3923 45.796 59.5003 10.3005 21.3595 61.8205 8.6079 20.0065 0 0 0 0.534029 0.539091
0.541622 59.2237 7.66299 20.1162 79.8448 41.4622 41.6714 57.6374 7.09142 21.5646 59.2237 7.66299 20.1162 0 0 0 0.539091 0.544153
0.546685 57.1667 7.27157 19.8815 69.2757 44.9084 27.4512 56.2352 7.53496 20.9656 57.1667 7.12507 19.8815 0 0 0 0.544153 0.549216
0.551747 56.4192 7.01181 19.0181 77.2862 44.0776 32.379 54.814 7.34388 19.947 56.4192 6.96215 19.0181 0 0 0 0.549216 0.554278
0.556810 53.8453 6.01402 18.4547 79.2531 40.4465 42.6554 51.8909 7.72398 19.2888 53.8453 6.01402 18.4547 0 0 0 0.554278 0.559341
0.561872 53.3419 6.46088 18.2599 84.1382 40.3447 50.8444 50.973 7.91422 18.2833 53.3419 6.46088 18.2599 0 0 0 0.559341 0.564404
0.566935 51.1976 6.2238 17.345 87.096 36.7719 55.179 48.4362 8.78675 17.4089 51.1976 6.2238 17.345 0 0 0 0.564404 0.569466
0.571997 52.1882 5.19167 18.7537 87.6487 39.648 53.2436 49.4605 6.65146 18.5812 52.1882 5.19167 18.7537 0 0 0 0.569466 0.574528
0.577060 49.2072 5.37821 17.1512 89.4572 30.0654 52.9647 46.1111 8.57495 16.4515 49.2072 5.37821 17.1512 0 0 0 0.574528 0.579592
0.582123 46.6711 4.79867 16.1039 67.0679 37.3129 36.2335 45.1021 6.24399 16.3985 46.6711 4.79867 16.1039 0 0 0 0.579592 0.584654
0.587185 43.0074 7.69353 13.9105 56.2767 39.6141 33.1419 41.9867 8.01379 14.5105 43.0074 7.12946 13.9105 0 0 0 0.584654 0.589717
0.592248 40.5131 6.81356 13.3062 48.6511 41.2993 28.7489 39.8871 7.50923 14.4809 40.5131 6.04863 13.3062 0 0 0 0.589717 0.594779
0.597310 37.6167 7.71121 11.7942 48.5069 40.5835 22.1988 36.779 7.38972 12.7884 37.6167 7.05171 11.7942 0 0 0 0.594779 0.599841
0.602373 35.4942 8.28078 9.77396 49.2565 41.5334 20.7386 34.4356 9.18235 10.8655 35.4942 8.07916 9.77396 0 0 0 0.599841 0.604904
0.607435 32.8104 9.136 8.87103 39.0817 42.8903 10.2339 32.328 9.86853 10.0301 32.8104 8.54393 8.87103 0 0 0 0.604904 0.609967
0.612498 31.1452 8.61027 8.12637 32.3068 49.9237 7.59771 31.0558 8.91056 10.0108 31.1452 8.58158 8.12637 0 0 0 0.609967 0.615029
0.617560 30.5425 8.5505 7.88016 33.3423 44.2863 10.2602 30.3271 9.38345 9.59319 30.5425 8.31229 7.88016 0 0 0 0.615029 0.620092
0.622623 30.7109 7.81153 8.28139 40.7595 36.5671 19.0732 29.938 8.85131 9.12374 30.7109 7.44331 8.28139 0 0 0 0.620092 0.625154
0.627685 28.6054 9.83076 7.27588 43.6751 40.1274 24.8847 27.4461 11.1105 7.83385 28.6054 9.83076 7.27588 0 0 0 0.625154 0.630216
0.632748 26.8656 11.1423 5.56868 39.3586 34.109 20.8921 25.9046 12.4333 5.83592 26.8656 11.1423 5.56868 0 0 0 0.630216 0.635279
0.637810 23.3749 10.7463 4.40371 28.6364 27.0791 14.2112 22.9702 11.364 5.15896 23.3749 10.4806 4.40371 0 0 0 0.635279 0.640342
0.642873 23.362 9.37084 4.51839 36.1427 22.4533 21.294 22.3788 11.0971 4.6057 23.362 9.30764 4.51839 0 0 0 0.640342 0.645404
0.647935 23.4566 10.2708 4.50341 40.0646 22.7769 25.6472 22.1791 12.2018 4.39176 23.4566 10.178 4.50341 0 0 0 0.645404 0.650466
0.652998 22.3966 8.32367 5.17181 37.5927 25.9775 24.1762 21.2277 9.17364 5.24787 22.3966 7.55196 5.17181 0 0 0 0.650466 0.655529
0.658060 22.1293 6.53366 6.19714 42.2785 18.5328 29.4856 20.5794 7.97498 5.79466 22.1293 6.16928 6.19714 0 0 0 0.655529 0.660591
0.663123 21.5728 6.81815 5.5687 42.7657 16.4394 30.9232 19.9426 7.9721 5.23487 21.5728 6.85129 5.5687 0 0 0 0.660591 0.665654
0.668185 20.6643 7.04643 4.95536 27.0583 20.8001 19.7956 20.1724 7.20747 5.28528 20.6643 7.04643 4.95536 0 0 0 0.665654 0.670717
0.673248 20.9709 7.02106 4.56099 24.9145 19.669 18.4251 20.6675 7.46477 4.87676 20.9709 7.03085 4.56099 0 0 0 0.670717 0.675779
0.678310 21.5532 5.57373 5.55103 25.537 15.9183 15.4235 21.2467 5.95378 5.86469 21.5532 5.57373 5.55103 0 0 0 0.675779 0.680841
0.684006 19.6084 4.47644 5.62585 22.92 13.8967 12.5194 19.3537 4.65 5.86941 19.6084 4.56945 5.62585 0 0 0 0.680841 0.687170
0.690967 18.8551 5.14297 4.66318 20.4625 12.3786 11.7689 18.7314 5.43677 5.08761 18.8551 5.19637 4.66318 0 0 0 0.687170 0.694764
0.698560 18.1361 4.22166 4.85233 19.5631 12.9621 9.64787 18.0263 4.53188 5.28701 18.1361 4.27726 4.85233 0 0 0 0.694764 0.702357
0.706154 17.3967 3.86589 4.7245 19.1508 12.1846 11.4131 17.2617 3.94671 5.15105 17.3967 3.92411 4.7245 0 0 0 0.702357 0.709951
0.713748 15.7269 3.38997 4.38049 21.1443 13.64 13.3675 15.3102 3.7064 4.75503 15.7269 3.42586 4.38049 0 0 0 0.709951 0.717545
0.721342 15.4297 2.77514 4.66293 20.1053 16.1784 12.9766 15.07 2.78318 5.02268 15.4297 2.77514 4.66293 0 0 0 0.717545 0.725139
0.728935 14.6178 2.63773 4.2261 20.0409 18.6851 13.1043 14.2006 2.78258 4.5912 14.6178 2.63773 4.2261 0 0 0 0.725139 0.732732
0.736529 15.0599 2.92187 4.48679 44.4976 0.796547 38.3286 12.7955 5.17795 3.41594 15.0599 2.92187 4.48679 0 0 0 0.732732 0.740326
0.744123 13.1948 2.9924 3.34824 21.7207 18.7783 14.9605 12.5389 3.17676 3.37917 13.1948 2.99305 3.34824 0 0 0 0.740326 0.747920
0.751717 12.4693 2.44469 3.05739 20.0387 20.2561 13.2544 11.887 2.79283 3.31296 12.4693 2.44469 3.05739 0 0 0 0.747920 0.755513
0.759310 10.8372 2.85895 2.25273 18.8743 12.2782 11.1428 10.219 3.24925 2.32269 10.8372 2.85895 2.25273 0 0 0 0.755513 0.763107
0.766904 10.1904 2.48565 2.2549 16.9803 7.00014 10.7723 9.6681 2.92583 2.22018 10.1904 2.48565 2.2549 0 0 0 0.763107 0.770701
0.774498 9.6712 2.96255 2.06261 17.6152 7.56413 11.4166 9.06013 3.34501 2.04299 9.6712 2.96255 2.06261 0 0 0 0.770701 0.778295
0.782092 9.60388 2.22534 1.99599 18.4335 9.04652 12.0769 8.92467 2.71555 2.06989 9.60388 2.23229 1.99599 0 0 0 0.778295 0.785888
0.789685 8.72653 2.57196 1.6311 16.4677 6.90759 12.2871 8.13106 3.19701 1.69452 8.72653 2.63999 1.6311 0 0 0 0.785888 0.793482
0.797279 8.5067 2.49262 1.70445 14.9145 8.79503 10.2743 8.01379 2.85347 1.8563 8.5067 2.58789 1.70445 0 0 0 0.793482 0.801076
0.804873 8.30155 2.47675 1.95487 16.0104 10.9645 11.9901 7.70856 2.94272 1.8597 8.30155 2.47675 1.95487 0 0 0 0.801076 0.808670
0.812467 7.74714 2.20994 1.76873 11.081 10.1289 5.13448 7.4907 2.2638 1.81072 7.74714 2.20994 1.76873 0 0 0 0.808670 0.816263
0.820060 8.17406 1.24854 2.41476 13.0456 5.32955 7.37012 7.79933 1.54797 2.28249 8.17406 1.24854 2.41476 0 0 0 0.816263 0.823857
0.827654 8.06507 1.4781 2.24831 12.5497 8.34555 7.03635 7.7201 1.72017 2.17272 8.06507 1.4781 2.24831 0 0 0 0.823857 0.831451
0.835248 7.43345 1.72074 2.02493 10.8029 7.37748 5.93078 7.17426 1.83571 2.04904 7.43345 1.72074 2.02493 0 0 0 0.831451 0.839045
0.842842 7.35998 1.32738 2.24585 13.0705 7.4413 7.39909 6.92071 1.47107 2.03029 7.35998 1.32738 2.24585 0 0 0 0.839045 0.846639
0.850435 7.71989 0.637299 2.70014 12.9932 3.71351 6.85843 7.31425 0.762651 2.51911 7.71989 0.637299 2.70014 0 0 0 0.846639 0.854232
0.858029 7.49981 0.625201 2.68948 11.6275 5.26333 6.53048 7.1823 0.827645 2.68837 7.49981 0.628894 2.68948 0 0 0 0.854232 0.861826
0.865623 7.46578 0.233298 2.82392 11.1561 4.47563 6.75561 7.18191 0.360386 2.80221 7.46578 0.293749 2.82392 0 0 0 0.861826 0.869420
0.873217 6.53774 0.599602 2.15223 6.28196 7.36804 2.05854 6.55742 0.635655 2.38335 6.53774 0.599602 2.15223 0 0 0 0.869420 0.877014
0.880810 5.57866 0.98183 1.6436 6.4194 5.21302 3.08545 5.51398 0.911637 1.74677 5.57866 0.98183 1.6436 0 0 0 0.877014 0.884607
0.888404 5.6053 0.697007 1.77818 7.35098 5.28044 3.83258 5.47102 0.551286 1.82959 5.6053 0.697007 1.77818 0 0 0 0.884607 0.892201
0.895998 6.02119 0.879707 2.29308 7.80451 5.53833 3.8651 5.88402 0.936389 2.3113 6.02119 0.879707 2.29308 0 0 0 0.892201 0.899795
0.903592 5.1462 0.32718 1.811 5.56219 6.33221 2.69517 5.1142 0.152603 1.99797 5.1462 0.32718 1.80097 0 0 0 0.899795 0.907389
0.911185 5.43806 -0.0253994 2.35196 10.2281 3.8205 6.63846 5.0696 -0.166438 2.17717 5.43806 -0.0253994 2.35196 0 0 0 0.907389 0.914982
0.918779 5.49112 -0.392099 2.37932 8.0363 3.35426 4.64797 5.29534 -0.351834 2.33082 5.49112 -0.392099 2.37932 0 0 0 0.914982 0.922576
0.926373 5.62877 -0.454438 2.73277 4.61099 4.97405 1.53458 5.70706 -0.706026 2.92526 5.62877 -0.454438 2.73277 0 0 0 0.922576 0.930170
0.933967 5.63572 -0.674252 2.75742 7.8362 3.68628 3.31601 5.46645 -0.616511 2.72709 5.63572 -0.674252 2.75742 0 0 0 0.930170 0.937763
0.941560 4.90909 -0.618284 2.17428 9.7082 1.26478 5.42213 4.53992 -0.446673 2.00784 4.90909 -0.618284 2.17428 0 0 0 0.937763 0.945357
0.949154 4.92524 -0.507544 2.16474 11.5016 1.81244 6.46921 4.41937 -0.349899 1.93511 4.92524 -0.507544 2.16474 0 0 0 0.945357 0.952951
0.956748 5.25049 -0.85434 2.50437 11.1169 2.04896 6.08854 4.79923 -0.69481 2.34249 5.25049 -0.852017 2.50437 0 0 0 0.952951 0.960545
0.964342 4.99357 -0.595773 2.28417 13.3873 3.10656 8.39186 4.3479 -0.442438 2.00716 4.99357 -0.564174 2.28417 0 0 0 0.960545 0.968138
0.971935 5.18189 -0.448033 2.31487 15.9692 2.97558 9.68313 4.3521 -0.170358 1.88301 5.18189 -0.448033 2.31487 0 0 0 0.968138 0.975732
0.979529 4.06037 -0.141681 1.56383 14.9516 2.36593 8.92441 3.22258 0.167778 1.15867 4.06037 -0.141681 1.56146 0 0 0 0.975732 0.983326
0.987123 3.98205 -0.484438 1.62109 12.4376 3.50846 7.44007 3.33163 -0.137665 1.31952 3.98205 -0.488746 1.62109 0 0 0 0.983326 0.990920
0.994717 3.53864 -0.15605 1.41143 18.2662 1.524 13.6915 2.40576 0.347574 0.703268 3.53864 -0.15605 1.41143 0 0 0 0.990920 0.998514
1.000412 0 0 0 0 0 0 0 0 0 0 0 0 0 0 0 0.998514 1.002310
