#Peak halo mass range: 11.375 < log10(Mh/Msun) < 11.625
#Quenched threshold: True SFR / True SM < 1e-11 / yr
#True SFHs in units of Msun/yr.
#See documentation for explanation of true vs. observed SFRs and SMs.
#Bestfit halos in bin: 198876
#Bestfit SF halos in bin: 157667
#Bestfit Q halos in bin: 41209
#Bestfit central halos in bin: 144373
#Bestfit satellite halos in bin: 54503
#Avg_scale_factor <SFH_all> Err+ Err- <SFH_SF> Err+ Err- <SFH_Q> Err+ Err- <SFH_Cen> Err+ Err- <SFH_Sat> Err+ Err- Scale_factor_begin Scale_factor_end
0.028936 0 0 0 0 0 0 0 0 0 0 0 0 0 0 0 0.000000 0.057873
0.059561 2.23836e-07 1.03988e-05 2.23676e-07 2.81634e-07 1.60505e-07 2.81452e-07 2.69992e-09 5.173e-05 2.69332e-09 3.07567e-07 1.68678e-07 3.07418e-07 2.04137e-09 3.49654e-05 2.00239e-09 0.057873 0.061248
0.062373 6.32267e-06 1.31322e-05 6.09606e-06 4.32668e-06 1.52168e-06 4.26931e-06 1.39594e-05 5.85905e-05 1.36548e-05 3.51854e-06 1.34037e-06 3.46965e-06 1.37505e-05 4.12747e-05 1.35094e-05 0.061248 0.063498
0.064623 2.3567e-05 3.54788e-05 2.15637e-05 1.87593e-05 8.26964e-06 1.80316e-05 4.19616e-05 0.00015542 3.6103e-05 1.49307e-05 5.02565e-06 1.43786e-05 4.64437e-05 0.000101697 4.16663e-05 0.063498 0.065748
0.066873 6.11835e-05 3.49823e-05 5.37891e-05 4.25315e-05 1.65923e-05 3.84682e-05 0.000132546 0.000125738 0.00011229 3.709e-05 1.08348e-05 3.35207e-05 0.000125005 9.63539e-05 0.000109872 0.065748 0.067998
0.069123 0.000141574 7.72924e-05 0.000116095 8.86334e-05 3.96806e-05 7.32079e-05 0.000344125 0.000203414 0.000272007 7.16003e-05 3.12759e-05 5.97251e-05 0.000326927 0.000137828 0.000270686 0.067998 0.070248
0.071373 0.000299176 0.000158575 0.000216846 0.000188754 0.000105468 0.000138915 0.000721656 0.000491064 0.000498383 0.000171961 7.90423e-05 0.000126311 0.000636157 0.000321239 0.000469395 0.070248 0.072498
0.073623 0.000556674 0.000293115 0.000371574 0.000361097 0.000195945 0.000248803 0.00130496 0.000831166 0.000818498 0.000338347 0.000169747 0.000231046 0.001135 0.00054306 0.000764809 0.072498 0.074748
0.075873 0.000832355 0.000576567 0.000506966 0.000599956 0.000417564 0.000387062 0.00172152 0.00140635 0.000907536 0.000475288 0.000305842 0.000304616 0.00177819 0.00111106 0.0010855 0.074748 0.076998
0.078123 0.00128305 0.00089511 0.000740222 0.000949418 0.000678771 0.000549186 0.00255952 0.00184645 0.00137465 0.000718932 0.000514943 0.000420563 0.00277733 0.00167657 0.00165927 0.076998 0.079248
0.080373 0.00188983 0.00127963 0.000990917 0.0014436 0.000959562 0.000763155 0.00359713 0.00279535 0.00179583 0.00109776 0.000780892 0.000591516 0.00398795 0.00243954 0.00216499 0.079248 0.081498
0.082904 0.00253493 0.0016357 0.0012159 0.00194737 0.00123619 0.000950285 0.00478294 0.00366042 0.00214853 0.00160687 0.00103958 0.000800355 0.00499327 0.002835 0.00252384 0.081498 0.084311
0.085998 0.00426299 0.00278643 0.00178096 0.00330873 0.00219675 0.00142652 0.00791404 0.00560494 0.00314925 0.00275232 0.00172258 0.00118355 0.00826461 0.0047366 0.00371011 0.084311 0.087685
0.089373 0.00639044 0.0039638 0.00256189 0.00505908 0.0033315 0.00213108 0.0114842 0.00837769 0.00409152 0.00429426 0.00271072 0.00180644 0.011943 0.00658417 0.00489652 0.087685 0.091061
0.092748 0.00897776 0.00593978 0.00335927 0.00726672 0.00483394 0.00284302 0.0155243 0.011524 0.00498425 0.00616284 0.00394739 0.00252176 0.0164342 0.00930593 0.00625385 0.091061 0.094435
0.096123 0.0122184 0.00714937 0.0043863 0.0100409 0.00576155 0.00374418 0.0205493 0.0136507 0.00604621 0.00847954 0.00482653 0.00329281 0.0221222 0.0121848 0.0080617 0.094435 0.097811
0.099498 0.0160215 0.00847437 0.00540806 0.0132316 0.00731761 0.00446336 0.0266959 0.016309 0.00709124 0.0113192 0.00635495 0.00405527 0.0284777 0.0142809 0.00969288 0.097811 0.101186
0.102873 0.0203632 0.0107457 0.00653418 0.0169336 0.00913137 0.00540544 0.0334853 0.018801 0.00819245 0.0148285 0.00820752 0.00488445 0.0350243 0.0161381 0.0111795 0.101186 0.104560
0.106248 0.0249795 0.0121822 0.00691101 0.0210009 0.0106712 0.00601995 0.0402019 0.0216469 0.00907207 0.0185824 0.00948603 0.00567407 0.0419248 0.0182162 0.0118831 0.104560 0.107936
0.109623 0.0302352 0.0143348 0.00741135 0.0255831 0.0125204 0.00669334 0.0480344 0.0248129 0.00985078 0.0227325 0.011096 0.00635207 0.0501091 0.0200422 0.0131258 0.107936 0.111310
0.112998 0.0348644 0.0150826 0.00757977 0.0299057 0.013247 0.00733067 0.0538363 0.0265972 0.0106247 0.0266221 0.0119224 0.00666155 0.0566972 0.020506 0.0128556 0.111310 0.114686
0.116373 0.0393808 0.0155906 0.00791133 0.0337277 0.0139205 0.00772074 0.0610097 0.0293476 0.0104834 0.0300741 0.0121866 0.00719463 0.0640332 0.020524 0.0140033 0.114686 0.118060
0.119748 0.0438202 0.0172835 0.00912075 0.0372556 0.0150602 0.00810595 0.0689364 0.0315129 0.00981295 0.0332644 0.0132055 0.00745371 0.0717815 0.0227311 0.0149289 0.118060 0.121435
0.123123 0.0478851 0.0186263 0.00844667 0.0410597 0.0164174 0.00784266 0.0739992 0.0322296 0.0105852 0.036528 0.0148988 0.00721851 0.0779689 0.0230202 0.0140292 0.121435 0.124811
0.126498 0.0523187 0.0190885 0.00787997 0.0448813 0.0167682 0.00768867 0.0807744 0.0339281 0.00991049 0.039987 0.0148105 0.00731393 0.0849843 0.0244547 0.0142448 0.124811 0.128185
0.129873 0.0571218 0.0194453 0.00823378 0.0491728 0.0173069 0.0077104 0.0875352 0.0356812 0.00994193 0.0440114 0.0150854 0.00761249 0.09185 0.0250004 0.0145373 0.128185 0.131561
0.133248 0.0621955 0.0204669 0.00884017 0.0534596 0.0176468 0.00814845 0.0956193 0.0381624 0.0107021 0.0479138 0.0157978 0.00790406 0.100026 0.0266044 0.0155693 0.131561 0.134935
0.137045 0.0670392 0.0220862 0.00944656 0.0577264 0.019014 0.00863323 0.10267 0.0403414 0.0121136 0.0520296 0.016384 0.00882205 0.106798 0.0275773 0.0158306 0.134935 0.139154
0.141685 0.0738466 0.0227257 0.00944342 0.0636652 0.0197825 0.00930396 0.112801 0.0422553 0.0142938 0.057095 0.0174953 0.00947313 0.11822 0.0281426 0.0160038 0.139154 0.144217
0.146748 0.0803287 0.0231217 0.00897781 0.0694191 0.0193402 0.00868317 0.122069 0.046718 0.0122674 0.0617138 0.0178741 0.00849574 0.129638 0.0297993 0.017505 0.144217 0.149279
0.151810 0.0859467 0.0230603 0.0104763 0.0742841 0.0186967 0.010075 0.130568 0.0473541 0.0111754 0.0660743 0.017724 0.00947682 0.138587 0.0282796 0.0185335 0.149279 0.154342
0.156873 0.0909728 0.023835 0.0108786 0.0789021 0.0203282 0.0109243 0.137156 0.0481887 0.0135341 0.0700224 0.0182813 0.0102989 0.146468 0.0293377 0.0191534 0.154342 0.159404
0.161935 0.0960385 0.0242839 0.0115974 0.0822821 0.0205544 0.0114736 0.148671 0.0468274 0.0165549 0.0731603 0.0188713 0.0109229 0.156641 0.0298821 0.0226506 0.159404 0.164467
0.166998 0.100449 0.0236621 0.0140075 0.0859739 0.0198563 0.0131285 0.155832 0.0485892 0.0162093 0.075826 0.019092 0.0126014 0.165673 0.0267836 0.0252498 0.164467 0.169529
0.172060 0.102731 0.0227994 0.0159418 0.0873513 0.0202016 0.0139434 0.161577 0.0479173 0.0162289 0.0774565 0.0185761 0.0134537 0.169682 0.0292716 0.0265839 0.169529 0.174591
0.177123 0.105402 0.0205039 0.0169176 0.0893093 0.0192222 0.0154832 0.166975 0.0484536 0.0176969 0.0793573 0.0179003 0.0143319 0.174393 0.027556 0.029005 0.174591 0.179654
0.182185 0.107779 0.0208214 0.0172002 0.0911355 0.0183414 0.0163352 0.171456 0.0474825 0.0185472 0.0807808 0.0168899 0.0151116 0.179293 0.0269627 0.0319653 0.179654 0.184716
0.187248 0.110314 0.0216689 0.0180179 0.0930543 0.0169133 0.0173566 0.176348 0.0473571 0.0191807 0.0819739 0.0151416 0.0159714 0.185383 0.0275193 0.033818 0.184716 0.189779
0.192310 0.112198 0.0196062 0.0188997 0.0943843 0.0160942 0.0183151 0.180354 0.0460337 0.0203757 0.0830047 0.0140989 0.0162575 0.189529 0.0231032 0.0330526 0.189779 0.194842
0.197373 0.114847 0.0201219 0.0190575 0.0961258 0.0158942 0.0182597 0.186473 0.0457909 0.0236356 0.0845386 0.0146861 0.0169276 0.195129 0.0209496 0.0343221 0.194842 0.199904
0.202435 0.117248 0.0178506 0.0198518 0.0973759 0.0156358 0.0180402 0.193278 0.0458306 0.0249858 0.0856262 0.0139399 0.0173472 0.20101 0.0213667 0.0356325 0.199904 0.204967
0.207498 0.119992 0.0162838 0.0205085 0.099513 0.0142896 0.0197046 0.198347 0.0497003 0.0250832 0.0869603 0.0126709 0.017779 0.207491 0.0224622 0.038418 0.204967 0.210029
0.212560 0.122724 0.017129 0.022494 0.101406 0.0135387 0.0206858 0.20429 0.0501025 0.0243933 0.0881831 0.0122201 0.0188627 0.21422 0.0229506 0.0420292 0.210029 0.215091
0.217623 0.12464 0.0168764 0.0223359 0.103422 0.0138347 0.0212061 0.205821 0.0489458 0.0238294 0.0893802 0.0111109 0.0201329 0.218039 0.022901 0.042665 0.215091 0.220154
0.222685 0.127028 0.0174215 0.022109 0.105101 0.0136384 0.02156 0.21092 0.049814 0.0244623 0.0903416 0.0111191 0.0202618 0.224206 0.0222252 0.0451802 0.220154 0.225217
0.227748 0.129946 0.0179518 0.0234551 0.106968 0.0135368 0.0223815 0.217861 0.0488669 0.0260713 0.0918146 0.0108455 0.0206676 0.230953 0.0227051 0.0470382 0.225217 0.230279
0.232810 0.132469 0.018495 0.0247571 0.108673 0.0132337 0.0229444 0.223514 0.0474361 0.0276029 0.0934685 0.0106763 0.0220742 0.235778 0.0202014 0.0480732 0.230279 0.235342
0.237873 0.135062 0.0172558 0.0254159 0.111014 0.0127693 0.0239744 0.227072 0.0479117 0.0278083 0.0950761 0.0107585 0.0227137 0.240981 0.019357 0.049992 0.235342 0.240404
0.242935 0.138369 0.016642 0.0272611 0.113607 0.0116179 0.0257466 0.233111 0.0483308 0.0285718 0.0968569 0.0106711 0.0232468 0.248331 0.0183229 0.0534175 0.240404 0.245467
0.247998 0.142454 0.0166866 0.0297659 0.116474 0.0112566 0.026775 0.241853 0.0488313 0.0313027 0.0994788 0.00986329 0.0242765 0.256289 0.0188339 0.0556983 0.245467 0.250529
0.253060 0.146074 0.0172966 0.0315323 0.119318 0.0115251 0.0280718 0.248442 0.0498845 0.0325894 0.10147 0.00904258 0.0251551 0.264226 0.017847 0.0596308 0.250529 0.255592
0.258123 0.149922 0.0177872 0.0327495 0.122035 0.0104325 0.0286191 0.25662 0.0496077 0.0352942 0.104071 0.00940867 0.0268224 0.271378 0.0166654 0.062361 0.255592 0.260654
0.263185 0.153753 0.0175611 0.0338187 0.125167 0.0101345 0.0301416 0.263126 0.052396 0.0362603 0.106348 0.0101555 0.0271011 0.279324 0.0181973 0.0642803 0.260654 0.265716
0.268248 0.157836 0.0161472 0.0349112 0.12861 0.00965723 0.0315297 0.269656 0.0514046 0.0376218 0.109054 0.0103662 0.0282289 0.287053 0.0182058 0.0664022 0.265716 0.270779
0.273310 0.161717 0.0159961 0.0363261 0.131786 0.0112178 0.0323607 0.276234 0.0606278 0.0361677 0.111835 0.00956267 0.0288653 0.293849 0.0200755 0.0659798 0.270779 0.275842
0.278373 0.16657 0.0166234 0.038041 0.135518 0.0131305 0.0339692 0.285374 0.0611187 0.0388623 0.115113 0.0106791 0.030124 0.302873 0.0212387 0.0683263 0.275842 0.280904
0.283435 0.17137 0.01596 0.0394596 0.139895 0.0121533 0.0357015 0.291795 0.0659596 0.0405238 0.118586 0.0106785 0.0317109 0.311188 0.0217215 0.0700447 0.280904 0.285967
0.288498 0.177396 0.0153283 0.0400436 0.144995 0.0112165 0.0379532 0.301364 0.0687444 0.0424828 0.122166 0.010767 0.0333428 0.323695 0.0237543 0.0745909 0.285967 0.291029
0.293560 0.18176 0.0150637 0.0413104 0.149094 0.010794 0.0393952 0.30674 0.0712309 0.0432218 0.12566 0.010074 0.0349548 0.330362 0.0247133 0.0757413 0.291029 0.296091
0.298623 0.187989 0.0164141 0.0421694 0.153858 0.0104218 0.0408224 0.318574 0.0732832 0.0458159 0.129695 0.0100023 0.0367407 0.342405 0.0272585 0.0784623 0.296091 0.301154
0.303685 0.194513 0.0165326 0.0444075 0.158478 0.0105235 0.0414713 0.332382 0.0744528 0.0481381 0.133827 0.0101358 0.0383679 0.355263 0.0291848 0.0797997 0.301154 0.306217
0.308748 0.200628 0.016722 0.0448282 0.163867 0.00935842 0.043409 0.341273 0.0761187 0.0491609 0.138364 0.0095304 0.039672 0.365557 0.0284581 0.0807678 0.306217 0.311279
0.313810 0.207544 0.0172738 0.0459199 0.169272 0.0100639 0.0448854 0.353973 0.0785757 0.052036 0.143153 0.00956701 0.0409785 0.378107 0.0287328 0.0849679 0.311279 0.316341
0.318873 0.214767 0.0179193 0.0466137 0.175448 0.0113264 0.0468066 0.365204 0.0810962 0.0513525 0.148097 0.00948979 0.0423675 0.391371 0.0312529 0.086239 0.316341 0.321404
0.323935 0.222602 0.0197585 0.0483556 0.181833 0.012228 0.048658 0.378587 0.0878162 0.0507581 0.152692 0.00900933 0.0435819 0.407788 0.031551 0.0893381 0.321404 0.326466
0.328997 0.230843 0.0194039 0.0504151 0.188408 0.0121156 0.0502794 0.393201 0.0880866 0.0536695 0.158509 0.00857522 0.0454473 0.42245 0.0322208 0.0929094 0.326466 0.331528
0.334060 0.239929 0.0200297 0.0525962 0.195781 0.0115152 0.0521513 0.408839 0.0932203 0.0552986 0.164258 0.00801124 0.0469021 0.440371 0.0319515 0.0979983 0.331528 0.336591
0.339122 0.248346 0.0210199 0.0533363 0.202627 0.0118488 0.0536918 0.423268 0.0951186 0.0578179 0.169677 0.00748345 0.0481427 0.456733 0.0315917 0.100858 0.336591 0.341653
0.344185 0.256748 0.0213079 0.0554361 0.208853 0.0126432 0.0547402 0.439996 0.0953619 0.061353 0.174801 0.00776809 0.0498215 0.473817 0.0305032 0.106275 0.341653 0.346716
0.349247 0.266384 0.0219003 0.057638 0.21638 0.0135947 0.055458 0.4577 0.0980142 0.0627594 0.180823 0.00847723 0.0512499 0.493025 0.0314479 0.111374 0.346716 0.351779
0.354310 0.276903 0.0219407 0.0599526 0.224188 0.0138029 0.0574214 0.478594 0.0968242 0.0642468 0.187215 0.00899005 0.0532703 0.514479 0.0301082 0.116043 0.351779 0.356841
0.359372 0.287144 0.0228553 0.0627443 0.233047 0.0144708 0.0597592 0.494123 0.103471 0.06521 0.194605 0.0102761 0.0540074 0.53227 0.031523 0.1186 0.356841 0.361903
0.364435 0.297874 0.0231678 0.0647839 0.241245 0.0147639 0.0613855 0.514539 0.102654 0.0714128 0.201841 0.0109871 0.0554103 0.552255 0.0302415 0.125432 0.361903 0.366966
0.369497 0.308389 0.0242515 0.0672707 0.249913 0.0149334 0.062857 0.532116 0.104464 0.0732864 0.209268 0.0115537 0.0569899 0.570949 0.0313659 0.128409 0.366966 0.372028
0.374560 0.32002 0.0249109 0.0696976 0.259454 0.0159387 0.0639599 0.551745 0.106212 0.0773496 0.217277 0.0121358 0.0579928 0.592175 0.0310778 0.135219 0.372028 0.377091
0.379622 0.331781 0.0258068 0.072463 0.268848 0.0171175 0.0665924 0.572566 0.105967 0.0819992 0.224914 0.013944 0.0598722 0.614862 0.0316106 0.141375 0.377091 0.382154
0.384685 0.344043 0.026433 0.0755827 0.278739 0.0178479 0.0688029 0.593899 0.114475 0.0858765 0.232756 0.0159072 0.0620533 0.638831 0.0308138 0.14744 0.382154 0.387216
0.389747 0.358134 0.0269124 0.0785868 0.28968 0.0192672 0.0705832 0.620039 0.118905 0.0933644 0.241837 0.0160678 0.0645389 0.666193 0.0302116 0.15773 0.387216 0.392278
0.394810 0.370228 0.026685 0.0819596 0.301081 0.0203608 0.073434 0.634783 0.125259 0.0963812 0.250204 0.0150922 0.0667755 0.688158 0.0330265 0.164569 0.392278 0.397341
0.399872 0.384547 0.0278426 0.084749 0.312849 0.021473 0.0770736 0.658862 0.125249 0.100895 0.259938 0.0145291 0.0696889 0.714622 0.0331618 0.171384 0.397341 0.402404
0.404935 0.398876 0.0300764 0.0869352 0.324867 0.0231684 0.078016 0.682039 0.124806 0.104711 0.26983 0.0138993 0.0713879 0.740707 0.035156 0.177609 0.402404 0.407466
0.409997 0.415309 0.0305839 0.0914109 0.337148 0.0239138 0.0796488 0.714358 0.127103 0.113074 0.280241 0.0141031 0.0740022 0.773092 0.0374257 0.187432 0.407466 0.412529
0.415060 0.431543 0.032434 0.0955104 0.350544 0.0255256 0.0829887 0.74145 0.132451 0.118267 0.290562 0.0139754 0.0766157 0.804987 0.0396898 0.195461 0.412529 0.417591
0.420122 0.449416 0.0333055 0.0988246 0.364032 0.0263119 0.0860931 0.776096 0.134443 0.126136 0.302063 0.0137629 0.0789626 0.839738 0.0448311 0.204233 0.417591 0.422653
0.425185 0.463441 0.0341152 0.100342 0.37584 0.0267842 0.0886495 0.798607 0.136277 0.128018 0.311576 0.0129925 0.0809036 0.865718 0.0467999 0.209847 0.422653 0.427716
0.430247 0.480041 0.0343019 0.104194 0.389691 0.0273305 0.0902462 0.825721 0.135913 0.132965 0.323023 0.0146768 0.0835135 0.895965 0.0447015 0.217162 0.427716 0.432779
0.435310 0.498196 0.0350308 0.108454 0.404676 0.0281419 0.0936266 0.856006 0.134539 0.140928 0.336603 0.0142948 0.0865295 0.926239 0.0458859 0.222504 0.432779 0.437841
0.440372 0.516276 0.034866 0.113743 0.420711 0.0274966 0.0963388 0.881909 0.13238 0.150964 0.349947 0.0141024 0.090323 0.956864 0.0437958 0.234335 0.437841 0.442903
0.445435 0.534673 0.0362936 0.1189 0.436595 0.0269873 0.10032 0.909921 0.132983 0.156474 0.363306 0.0146337 0.0935424 0.988608 0.0377139 0.243873 0.442903 0.447966
0.450497 0.552315 0.0363078 0.12368 0.453501 0.0279411 0.104787 0.930382 0.130826 0.158564 0.376764 0.0155952 0.0956723 1.01733 0.0395365 0.249425 0.447966 0.453029
0.455560 0.572458 0.0348248 0.129224 0.470082 0.0271032 0.108777 0.964152 0.136981 0.166242 0.3916 0.0155409 0.0984061 1.05153 0.0381691 0.258464 0.453029 0.458091
0.460622 0.593603 0.034548 0.135184 0.488974 0.0272967 0.115055 0.993917 0.137898 0.173759 0.407247 0.0161315 0.102178 1.08724 0.0385417 0.267598 0.458091 0.463154
0.465685 0.614909 0.0337974 0.13848 0.507394 0.0262926 0.119204 1.02626 0.138469 0.17956 0.423797 0.0175321 0.106331 1.12114 0.0390319 0.274797 0.463154 0.468216
0.470747 0.637685 0.032756 0.145644 0.5267 0.0255411 0.123275 1.06231 0.137572 0.191064 0.44027 0.0165568 0.110257 1.16062 0.0316677 0.290249 0.468216 0.473278
0.475810 0.660973 0.032815 0.150751 0.546979 0.0250002 0.127485 1.09712 0.139426 0.201183 0.457462 0.0181929 0.114839 1.20005 0.027992 0.305328 0.473278 0.478341
0.480872 0.682859 0.0320306 0.156426 0.565376 0.0252403 0.134105 1.13235 0.135451 0.211021 0.475918 0.0182331 0.120536 1.23102 0.024395 0.320146 0.478341 0.483404
0.485935 0.704742 0.0311083 0.162735 0.58528 0.0265228 0.141589 1.1618 0.132493 0.217013 0.493499 0.0172258 0.126443 1.2643 0.0218452 0.331378 0.483404 0.488466
0.490997 0.724204 0.0310895 0.171742 0.602321 0.0267161 0.146178 1.19054 0.135595 0.22203 0.511387 0.018352 0.133597 1.28794 0.0186988 0.339215 0.488466 0.493528
0.496060 0.745256 0.0304963 0.179071 0.622502 0.0306157 0.154184 1.21492 0.136124 0.229502 0.530401 0.0198444 0.141519 1.31438 0.0177778 0.348078 0.493528 0.498591
0.501122 0.765734 0.0290906 0.185909 0.642687 0.0306708 0.161846 1.23652 0.129576 0.237793 0.547893 0.0206876 0.148968 1.34278 0.0183018 0.351204 0.498591 0.503654
0.506185 0.786723 0.02905 0.194223 0.662874 0.0295812 0.167371 1.26057 0.131659 0.243672 0.56596 0.0212737 0.155303 1.3715 0.0222073 0.362424 0.503654 0.508716
0.511247 0.807706 0.0273894 0.199942 0.682657 0.0290454 0.172577 1.28615 0.134078 0.247911 0.586198 0.0208831 0.160072 1.39446 0.024811 0.371869 0.508716 0.513778
0.516310 0.827106 0.0275415 0.203849 0.702356 0.0300528 0.179355 1.3044 0.142494 0.24814 0.606723 0.0197235 0.165981 1.41088 0.0207136 0.371771 0.513778 0.518841
0.521372 0.845261 0.0285006 0.208296 0.721478 0.0300719 0.18341 1.31886 0.142875 0.253312 0.625564 0.0194499 0.171407 1.42722 0.0239171 0.377573 0.518841 0.523903
0.526435 0.861881 0.0264159 0.212204 0.739115 0.0278036 0.185903 1.33159 0.150271 0.255307 0.645283 0.0195469 0.176997 1.43563 0.0336127 0.370997 0.523903 0.528966
0.531497 0.877427 0.0278834 0.214974 0.755567 0.0298473 0.188664 1.34366 0.151381 0.257535 0.661588 0.0210064 0.180641 1.44916 0.0352148 0.372336 0.528966 0.534029
0.536560 0.894667 0.0307325 0.217995 0.774012 0.0319878 0.191399 1.3563 0.148973 0.26022 0.680309 0.022481 0.184385 1.46248 0.0415541 0.376661 0.534029 0.539091
0.541622 0.910312 0.032822 0.222475 0.790002 0.0333824 0.196815 1.37062 0.146741 0.264423 0.696125 0.021561 0.1876 1.47767 0.0467222 0.378286 0.539091 0.544153
0.546685 0.924117 0.0356318 0.225836 0.806132 0.0331688 0.2004 1.37553 0.147661 0.270102 0.711112 0.0216789 0.189877 1.48835 0.0472635 0.382165 0.544153 0.549216
0.551747 0.937696 0.0392829 0.226922 0.821358 0.0351209 0.203554 1.38281 0.144544 0.273595 0.725459 0.0224392 0.190309 1.49989 0.0424268 0.385789 0.549216 0.554278
0.556810 0.947746 0.0385916 0.228485 0.834435 0.0370759 0.205382 1.38128 0.15067 0.267656 0.73904 0.0232859 0.191461 1.50058 0.0503502 0.382442 0.554278 0.559341
0.561872 0.957415 0.0387571 0.23264 0.84919 0.0381796 0.210136 1.37149 0.149772 0.262354 0.753592 0.023145 0.195579 1.49732 0.0562075 0.380546 0.559341 0.564404
0.566935 0.967915 0.041105 0.236741 0.862267 0.0373276 0.214229 1.37213 0.155508 0.257491 0.768021 0.0238987 0.199818 1.49742 0.0626634 0.378206 0.564404 0.569466
0.571997 0.974309 0.0475635 0.238238 0.871192 0.0386758 0.215784 1.36884 0.150317 0.252366 0.780479 0.0252381 0.203452 1.48774 0.070127 0.369884 0.569466 0.574528
0.577060 0.978556 0.055214 0.238759 0.878647 0.0444053 0.217457 1.36081 0.156376 0.24798 0.791225 0.0270583 0.206884 1.47478 0.076268 0.361529 0.574528 0.579592
0.582123 0.986193 0.0599683 0.242053 0.887344 0.0456952 0.220915 1.36439 0.156302 0.249992 0.802599 0.0295123 0.20894 1.47251 0.0863527 0.358527 0.579592 0.584654
0.587185 0.990361 0.0594429 0.241831 0.89436 0.0491854 0.222663 1.35766 0.156913 0.244139 0.811346 0.0341729 0.208753 1.46455 0.0897661 0.353179 0.584654 0.589717
0.592248 0.994527 0.0605388 0.243078 0.901707 0.0516754 0.224763 1.34966 0.144946 0.241736 0.821286 0.0383769 0.212791 1.45342 0.0908822 0.352021 0.589717 0.594779
0.597310 0.995614 0.06727 0.241785 0.906452 0.0583786 0.22559 1.33675 0.151095 0.238459 0.828148 0.0413665 0.216014 1.43922 0.100055 0.342755 0.594779 0.599841
0.602373 0.997496 0.0701307 0.243605 0.91096 0.0608534 0.226632 1.32858 0.153375 0.240535 0.833972 0.0448318 0.219144 1.43065 0.10162 0.340474 0.599841 0.604904
0.607435 0.998632 0.075547 0.243036 0.914968 0.0660942 0.226988 1.31874 0.153548 0.235142 0.840186 0.0488738 0.222068 1.41834 0.107319 0.331025 0.604904 0.609967
0.612498 0.99786 0.0809892 0.239933 0.917434 0.0695739 0.227079 1.30557 0.150998 0.230862 0.846219 0.0532139 0.223884 1.39954 0.118081 0.322318 0.609967 0.615029
0.617560 0.996089 0.086442 0.237831 0.917996 0.0718284 0.227046 1.29487 0.155555 0.230753 0.850214 0.0577645 0.225234 1.3825 0.123363 0.31582 0.615029 0.620092
0.622623 0.994222 0.0888895 0.235408 0.919471 0.0761811 0.227248 1.28022 0.160195 0.225491 0.853736 0.0620874 0.226348 1.36635 0.128774 0.308295 0.620092 0.625154
0.627685 0.98887 0.0927736 0.23123 0.918483 0.0783182 0.224164 1.25817 0.163666 0.224095 0.856353 0.0667579 0.224693 1.33989 0.133236 0.298271 0.625154 0.630216
0.632748 0.985326 0.0978839 0.229073 0.918665 0.0830966 0.221657 1.24037 0.168719 0.222461 0.859008 0.0692582 0.222184 1.31993 0.136577 0.290567 0.630216 0.635279
0.637810 0.980322 0.101882 0.224235 0.917022 0.0858781 0.219432 1.22251 0.163406 0.222026 0.860208 0.0731674 0.219183 1.29849 0.135644 0.282763 0.635279 0.640342
0.642873 0.974506 0.105162 0.219558 0.913143 0.0894745 0.216735 1.20928 0.155404 0.224297 0.857572 0.0785502 0.215208 1.28425 0.138679 0.28299 0.640342 0.645404
0.647935 0.966538 0.107082 0.215586 0.910439 0.0949883 0.214041 1.18117 0.145199 0.219579 0.855016 0.0816799 0.211658 1.26195 0.143071 0.276995 0.645404 0.650466
0.652998 0.962165 0.107306 0.216412 0.909856 0.101092 0.211637 1.1623 0.14056 0.218183 0.855047 0.0850164 0.208852 1.24591 0.143666 0.270425 0.650466 0.655529
0.658060 0.955996 0.11077 0.213516 0.906332 0.101971 0.207159 1.14601 0.139699 0.217333 0.853253 0.0901574 0.206535 1.22815 0.143681 0.26651 0.655529 0.660591
0.663123 0.946401 0.112264 0.209662 0.900728 0.106169 0.205312 1.12115 0.140042 0.213248 0.849809 0.0938572 0.204157 1.20226 0.143352 0.258447 0.660591 0.665654
0.668185 0.938014 0.114392 0.208101 0.895155 0.106506 0.201705 1.10199 0.138791 0.21058 0.846979 0.0990921 0.198446 1.17916 0.141385 0.256168 0.665654 0.670717
0.673248 0.926759 0.118432 0.207091 0.8881 0.109967 0.198324 1.07467 0.13656 0.206712 0.841323 0.101118 0.1942 1.15307 0.141255 0.254623 0.670717 0.675779
0.678310 0.917328 0.11903 0.202651 0.880669 0.11162 0.196313 1.05759 0.135519 0.206555 0.835939 0.102426 0.190785 1.13292 0.139478 0.250854 0.675779 0.680841
0.684006 0.907944 0.12172 0.200638 0.875021 0.115462 0.196442 1.03391 0.138484 0.205015 0.831276 0.104173 0.188583 1.11103 0.137913 0.248483 0.680841 0.687170
0.690967 0.889632 0.12421 0.196611 0.861342 0.118199 0.194153 0.997872 0.139048 0.199614 0.82092 0.109442 0.187097 1.07165 0.135582 0.237844 0.687170 0.694764
0.698560 0.871787 0.123237 0.191712 0.847575 0.12133 0.189639 0.964422 0.130945 0.196392 0.809492 0.111557 0.182057 1.0368 0.131078 0.232205 0.694764 0.702357
0.706154 0.85381 0.122084 0.18778 0.834551 0.121916 0.188508 0.927495 0.122799 0.192542 0.798817 0.114408 0.177872 0.999482 0.126003 0.225935 0.702357 0.709951
0.713748 0.835384 0.120416 0.181562 0.819793 0.122486 0.187262 0.895038 0.116346 0.190902 0.784758 0.117656 0.173881 0.969489 0.122185 0.21916 0.709951 0.717545
0.721342 0.816753 0.12085 0.176569 0.806203 0.121993 0.183211 0.857117 0.110174 0.183565 0.771164 0.116721 0.17104 0.937514 0.119931 0.216425 0.717545 0.725139
0.728935 0.798193 0.119064 0.172557 0.791103 0.121488 0.178665 0.825321 0.107001 0.176443 0.756729 0.116929 0.168732 0.908028 0.112535 0.212622 0.725139 0.732732
0.736529 0.778428 0.112759 0.168198 0.775229 0.116601 0.174227 0.790668 0.102119 0.171677 0.74075 0.112524 0.16619 0.878232 0.10705 0.20629 0.732732 0.740326
0.744123 0.760134 0.108807 0.170218 0.760826 0.113847 0.174998 0.757484 0.101636 0.167232 0.727552 0.109696 0.171609 0.84644 0.0976647 0.199462 0.740326 0.747920
0.751717 0.739493 0.106851 0.169026 0.744116 0.112123 0.173558 0.721809 0.0962904 0.162629 0.710904 0.107266 0.167335 0.815224 0.0927121 0.192243 0.747920 0.755513
0.759310 0.722725 0.103119 0.165495 0.731849 0.106941 0.17114 0.687813 0.0910807 0.153684 0.699385 0.101725 0.164885 0.784549 0.0879703 0.188204 0.755513 0.763107
0.766904 0.704626 0.0957127 0.163008 0.716788 0.103726 0.170064 0.658092 0.0843892 0.1488 0.684934 0.098743 0.167662 0.756787 0.0802007 0.183219 0.763107 0.770701
0.774498 0.689753 0.0916381 0.164432 0.704776 0.0983396 0.18192 0.632273 0.081751 0.145831 0.672785 0.0959247 0.176044 0.7347 0.0766932 0.179887 0.770701 0.778295
0.782092 0.672476 0.0803291 0.168043 0.690343 0.0861661 0.187295 0.604113 0.079449 0.141252 0.658643 0.0892612 0.179015 0.709117 0.0674905 0.17231 0.778295 0.785888
0.789685 0.654298 0.0766318 0.165015 0.674721 0.0757974 0.189674 0.57616 0.0820932 0.130349 0.642847 0.0769164 0.179162 0.684634 0.0626655 0.170036 0.785888 0.793482
0.797279 0.637224 0.0663238 0.175033 0.660186 0.0702592 0.194563 0.549369 0.0815815 0.123888 0.628076 0.0711563 0.189618 0.661456 0.0595816 0.159568 0.793482 0.801076
0.804873 0.621894 0.0618509 0.174595 0.646979 0.0661713 0.198765 0.52592 0.0782565 0.101004 0.61517 0.0631914 0.193235 0.639709 0.0598764 0.150431 0.801076 0.808670
0.812467 0.607029 0.0552985 0.173333 0.634245 0.0536045 0.19918 0.502901 0.077535 0.0948991 0.602769 0.0581533 0.196013 0.618312 0.0551497 0.141213 0.808670 0.816263
0.820060 0.590375 0.0508602 0.171506 0.619385 0.0452623 0.198525 0.479383 0.0733629 0.092153 0.588621 0.0498765 0.196393 0.595022 0.0505912 0.135871 0.816263 0.823857
0.827654 0.576343 0.0429761 0.168704 0.60674 0.0352963 0.196913 0.460043 0.0699857 0.0882301 0.576161 0.0393938 0.193713 0.576823 0.0462283 0.133787 0.823857 0.831451
0.835248 0.56187 0.0370389 0.173795 0.593733 0.0268589 0.196668 0.439962 0.0812765 0.0829448 0.562787 0.0322983 0.19369 0.559441 0.0460567 0.129257 0.831451 0.839045
0.842842 0.546841 0.0287025 0.170976 0.580215 0.01585 0.197925 0.419151 0.0852636 0.0754208 0.549425 0.017562 0.194044 0.539997 0.044737 0.125768 0.839045 0.846639
0.850435 0.533212 0.0235693 0.169847 0.570432 0.00771451 0.197271 0.390806 0.0859082 0.0657783 0.537461 0.00646925 0.191061 0.521958 0.0400628 0.116067 0.846639 0.854232
0.858029 0.519026 0.0195567 0.167576 0.560777 0 0.197458 0.359287 0.0967002 0.051892 0.524923 0 0.18944 0.503405 0.0446379 0.111373 0.854232 0.861826
0.865623 0.506347 0.0140758 0.166246 0.551948 -0.00382614 0.202483 0.331875 0.104192 0.0417739 0.513053 -0.00158572 0.190001 0.488584 0.0419157 0.109803 0.861826 0.869420
0.873217 0.492531 0.0109721 0.163264 0.541479 -0.00865936 0.198189 0.305254 0.106063 0.0344245 0.500404 -0.00576562 0.183907 0.471676 0.0421703 0.107192 0.869420 0.877014
0.880810 0.479233 0.00604683 0.161359 0.52978 -0.0117443 0.197745 0.28584 0.102561 0.035425 0.487218 -0.00649199 0.18523 0.458084 0.0404899 0.103164 0.877014 0.884607
0.888404 0.465712 0.00124219 0.159028 0.514677 -0.0130103 0.191197 0.27837 0.0869193 0.0444281 0.47047 -0.00801265 0.178148 0.453108 0.0263273 0.111407 0.884607 0.892201
0.895998 0.454931 0.000147343 0.154771 0.502288 -0.0120673 0.186289 0.27374 0.0741883 0.0565641 0.456769 -0.0066613 0.172183 0.450061 0.0172093 0.121599 0.892201 0.899795
0.903592 0.443602 -0.00071311 0.151433 0.489242 -0.0121061 0.181238 0.268978 0.058353 0.070258 0.44307 -0.00528657 0.165461 0.445008 0.0080184 0.126807 0.899795 0.907389
0.911185 0.431289 -0.00533825 0.149832 0.475689 -0.0119247 0.176807 0.261415 0.0425798 0.0792133 0.426345 -0.00782946 0.15754 0.444386 -0.00532255 0.13804 0.907389 0.914982
0.918779 0.422616 -0.00855896 0.149209 0.466278 -0.0126264 0.17249 0.255563 0.0279877 0.0871751 0.415133 -0.0102943 0.152878 0.442439 -0.0159959 0.145693 0.914982 0.922576
0.926373 0.410553 -0.00839093 0.143807 0.45293 -0.0100156 0.167237 0.248419 0.0110861 0.0938199 0.401225 -0.00586292 0.146912 0.435262 -0.0252638 0.149729 0.922576 0.930170
0.933967 0.40035 -0.0105683 0.143456 0.441983 -0.00747478 0.163713 0.241061 -0.00451584 0.103331 0.389013 -0.00599784 0.141645 0.430381 -0.032503 0.155906 0.930170 0.937763
0.941560 0.391011 -0.0121607 0.142553 0.433557 -0.00867444 0.161992 0.228228 -0.0130595 0.102622 0.377764 -0.0056617 0.137379 0.426099 -0.0392377 0.160412 0.937763 0.945357
0.949154 0.382735 -0.0153739 0.142238 0.429965 -0.0130076 0.164254 0.202029 -0.0116266 0.0888426 0.368905 -0.00588667 0.138104 0.419369 -0.0390694 0.161877 0.945357 0.952951
0.956748 0.375104 -0.0171467 0.143067 0.427887 -0.0190694 0.167513 0.173155 -0.00924301 0.0763837 0.362922 -0.00843292 0.139216 0.407375 -0.0419984 0.157232 0.952951 0.960545
0.964342 0.364136 -0.0191145 0.138335 0.424187 -0.0163617 0.168555 0.134378 -0.00548185 0.055602 0.354699 -0.00969407 0.136672 0.389134 -0.040337 0.150739 0.960545 0.968138
0.971935 0.354944 -0.0191079 0.137068 0.422356 -0.0159091 0.170926 0.0970235 -0.00451267 0.040604 0.345454 -0.00789121 0.134205 0.380084 -0.0403291 0.149189 0.968138 0.975732
0.979529 0.347542 -0.0181814 0.135752 0.435322 -0.0220692 0.180998 0.0116906 0.00031584 0.00284248 0.339608 -0.00851819 0.13574 0.368557 -0.041281 0.147185 0.975732 0.983326
0.987123 0 0 0 0 0 0 0 0 0 0 0 0 0 0 0 0.983326 0.990920
0.994717 0 0 0 0 0 0 0 0 0 0 0 0 0 0 0 0.990920 0.998514
1.000412 0 0 0 0 0 0 0 0 0 0 0 0 0 0 0 0.998514 1.002310
