#Peak halo mass range: 9.125 < log10(Mh/Msun) < 9.375
#Quenched threshold: True SFR / True SM < 1e-11 / yr
#True SFHs in units of Msun/yr.
#See documentation for explanation of true vs. observed SFRs and SMs.
#Bestfit halos in bin: 1.30327e+06
#Bestfit SF halos in bin: 1.30327e+06
#Bestfit Q halos in bin: 0
#Bestfit central halos in bin: 1.2837e+06
#Bestfit satellite halos in bin: 19578
#Avg_scale_factor <SFH_all> Err+ Err- <SFH_SF> Err+ Err- <SFH_Q> Err+ Err- <SFH_Cen> Err+ Err- <SFH_Sat> Err+ Err- Scale_factor_begin Scale_factor_end
0.028936 0 0 0 0 0 0 0 0 0 0 0 0 0 0 0 0.000000 0.057873
0.059561 0 0 0 0 0 0 0 0 0 0 0 0 0 0 0 0.057873 0.061248
0.062373 0 0 0 0 0 0 0 0 0 0 0 0 0 0 0 0.061248 0.063498
0.064623 0 0 0 0 0 0 0 0 0 0 0 0 0 0 0 0.063498 0.065748
0.066873 0 0 0 0 0 0 0 0 0 0 0 0 0 0 0 0.065748 0.067998
0.069123 0 0 0 0 0 0 0 0 0 0 0 0 0 0 0 0.067998 0.070248
0.071373 0 0 0 0 0 0 0 0 0 0 0 0 0 0 0 0.070248 0.072498
0.073623 0 0 0 0 0 0 0 0 0 0 0 0 0 0 0 0.072498 0.074748
0.075873 0 1.52516e-09 0 0 1.4401e-09 0 0 0 0 0 1.54847e-09 0 0 0 0 0.074748 0.076998
0.078123 0 2.57019e-09 0 0 2.07354e-09 0 0 0 0 0 2.60945e-09 0 0 0 0 0.076998 0.079248
0.080373 4.61772e-09 9.02448e-09 2.9481e-09 4.61772e-09 7.95771e-09 3.03307e-09 0 0 0 4.68815e-09 9.16255e-09 2.99303e-09 0 0 0 0.079248 0.081498
0.082904 3.73041e-09 8.22531e-09 2.28154e-09 3.73041e-09 8.0004e-09 2.28154e-09 0 0 0 3.7873e-09 8.35114e-09 2.31629e-09 0 0 0 0.081498 0.084311
0.085998 1.83342e-08 2.79628e-08 1.03952e-08 1.83342e-08 2.55973e-08 1.03952e-08 0 0 0 1.86138e-08 2.83904e-08 1.05536e-08 0 0 0 0.084311 0.087685
0.089373 1.60338e-08 2.35471e-08 8.71621e-09 1.60338e-08 2.58194e-08 8.71621e-09 0 0 0 1.62783e-08 2.39071e-08 8.84891e-09 0 0 0 0.087685 0.091061
0.092748 2.63472e-08 4.01938e-08 1.31529e-08 2.63472e-08 3.91555e-08 1.31529e-08 0 0 0 2.6749e-08 4.08089e-08 1.33531e-08 0 0 0 0.091061 0.094435
0.096123 3.93449e-08 5.85803e-08 1.94888e-08 3.93449e-08 5.64148e-08 1.94888e-08 0 0 0 3.9945e-08 5.94755e-08 1.97856e-08 0 0 0 0.094435 0.097811
0.099498 7.57381e-08 1.03441e-07 3.89533e-08 7.57381e-08 1.00833e-07 3.89533e-08 0 0 0 7.43143e-08 1.00745e-07 3.81218e-08 1.69094e-07 2.80057e-07 9.97502e-08 0.097811 0.101186
0.102873 1.64934e-07 2.34439e-07 7.91542e-08 1.64934e-07 2.27966e-07 7.91542e-08 0 0 0 1.61926e-07 2.27851e-07 7.73839e-08 3.62151e-07 5.26095e-07 1.95392e-07 0.101186 0.104560
0.106248 3.41301e-07 4.39105e-07 1.49173e-07 3.41301e-07 4.23037e-07 1.49173e-07 0 0 0 3.21515e-07 4.18922e-07 1.39047e-07 1.63867e-06 1.90189e-06 7.63733e-07 0.104560 0.107936
0.109623 5.31663e-07 6.20079e-07 2.26989e-07 5.31663e-07 6.10692e-07 2.26989e-07 0 0 0 5.1701e-07 6.02471e-07 2.20539e-07 1.49243e-06 1.61949e-06 6.64407e-07 0.107936 0.111310
0.112998 7.98427e-07 8.68372e-07 3.22383e-07 7.98427e-07 8.65846e-07 3.23439e-07 0 0 0 7.76741e-07 8.41389e-07 3.12882e-07 2.22038e-06 2.25428e-06 9.47023e-07 0.111310 0.114686
0.116373 1.2139e-06 1.3604e-06 4.35422e-07 1.2139e-06 1.27266e-06 4.47209e-07 0 0 0 1.17122e-06 1.3174e-06 4.19106e-07 4.01262e-06 4.12838e-06 1.48829e-06 0.114686 0.118060
0.119748 1.95785e-06 2.0599e-06 6.78183e-07 1.95785e-06 2.0599e-06 7.08349e-07 0 0 0 1.87543e-06 1.99144e-06 6.52289e-07 7.36152e-06 7.44535e-06 2.52323e-06 0.118060 0.121435
0.123123 2.68702e-06 2.64031e-06 9.05698e-07 2.68702e-06 2.64031e-06 9.62924e-07 0 0 0 2.59661e-06 2.54447e-06 8.71708e-07 8.61504e-06 8.65044e-06 2.94844e-06 0.121435 0.124811
0.126498 3.77988e-06 3.59096e-06 1.20952e-06 3.77988e-06 3.59096e-06 1.22254e-06 0 0 0 3.63553e-06 3.44221e-06 1.16127e-06 1.32448e-05 1.31824e-05 4.2671e-06 0.124811 0.128185
0.129873 5.06328e-06 4.54632e-06 1.58766e-06 5.06328e-06 4.53249e-06 1.61353e-06 0 0 0 4.88301e-06 4.35343e-06 1.54649e-06 1.6883e-05 1.71419e-05 4.58265e-06 0.128185 0.131561
0.133248 6.90036e-06 5.83098e-06 2.02464e-06 6.90036e-06 5.83098e-06 2.22306e-06 0 0 0 6.65297e-06 5.58812e-06 1.96231e-06 2.31211e-05 2.16897e-05 6.0908e-06 0.131561 0.134935
0.137045 9.46514e-06 7.77283e-06 2.76992e-06 9.46514e-06 7.77283e-06 2.94208e-06 0 0 0 9.15114e-06 7.49425e-06 2.69202e-06 3.0053e-05 2.65143e-05 7.82894e-06 0.134935 0.139154
0.141685 1.34807e-05 1.0867e-05 3.78511e-06 1.34807e-05 1.0867e-05 4.24289e-06 0 0 0 1.30448e-05 1.05097e-05 3.66243e-06 4.2063e-05 3.42222e-05 1.10878e-05 0.139154 0.144217
0.146748 1.84701e-05 1.38605e-05 5.11085e-06 1.84701e-05 1.38605e-05 6.01711e-06 0 0 0 1.7944e-05 1.3467e-05 4.97671e-06 5.29666e-05 3.95787e-05 1.38685e-05 0.144217 0.149279
0.151810 2.46522e-05 1.81667e-05 7.20842e-06 2.46522e-05 1.81667e-05 8.36126e-06 0 0 0 2.40524e-05 1.77187e-05 7.04736e-06 6.39789e-05 4.62914e-05 1.80751e-05 0.149279 0.154342
0.156873 3.13307e-05 2.29306e-05 9.41852e-06 3.13307e-05 2.29306e-05 1.00653e-05 0 0 0 3.0673e-05 2.24276e-05 9.22857e-06 7.44541e-05 5.49277e-05 2.17794e-05 0.154342 0.159404
0.161935 3.90164e-05 2.66612e-05 1.22324e-05 3.90164e-05 2.66612e-05 1.23264e-05 0 0 0 3.82705e-05 2.61118e-05 1.20232e-05 8.79258e-05 6.12589e-05 2.6006e-05 0.159404 0.164467
0.166998 4.7098e-05 3.04913e-05 1.49414e-05 4.7098e-05 3.04913e-05 1.51053e-05 0 0 0 4.62305e-05 2.99184e-05 1.46809e-05 0.00010398 6.57733e-05 3.20785e-05 0.164467 0.169529
0.172060 5.74473e-05 3.54847e-05 1.71589e-05 5.74473e-05 3.54847e-05 1.88747e-05 0 0 0 5.64406e-05 3.49117e-05 1.68727e-05 0.000123455 7.59235e-05 3.59859e-05 0.169529 0.174591
0.177123 6.81578e-05 4.21693e-05 2.23061e-05 6.81578e-05 4.21693e-05 2.25028e-05 0 0 0 6.71236e-05 4.15343e-05 2.19784e-05 0.000135969 8.15038e-05 4.38661e-05 0.174591 0.179654
0.182185 7.86344e-05 4.98183e-05 2.61571e-05 7.86344e-05 4.98183e-05 2.64554e-05 0 0 0 7.75824e-05 4.91905e-05 2.58088e-05 0.00014761 8.90696e-05 4.84231e-05 0.179654 0.184716
0.187248 9.44329e-05 6.0608e-05 3.18684e-05 9.44329e-05 6.0608e-05 3.08907e-05 0 0 0 9.34158e-05 6.00282e-05 3.15296e-05 0.000161117 9.78494e-05 5.40912e-05 0.184716 0.189779
0.192310 0.000115607 7.48815e-05 3.84478e-05 0.000115607 7.48815e-05 3.53168e-05 0 0 0 0.000114699 7.43309e-05 3.81594e-05 0.000175181 0.000107902 5.82668e-05 0.189779 0.194842
0.197373 0.000143823 8.58563e-05 4.73501e-05 0.000143823 8.58563e-05 4.38637e-05 0 0 0 0.000143004 8.54361e-05 4.70846e-05 0.000197571 0.000111424 6.48306e-05 0.194842 0.199904
0.202435 0.000183905 0.000102752 5.82893e-05 0.000183905 0.000108721 5.43773e-05 0 0 0 0.000183186 0.000102435 5.80909e-05 0.000230993 0.000123534 7.19479e-05 0.199904 0.204967
0.207498 0 0 0 0 0 0 0 0 0 0 0 0 0 0 0 0.204967 0.210029
0.212560 0 0 0 0 0 0 0 0 0 0 0 0 0 0 0 0.210029 0.215091
0.217623 0 0 0 0 0 0 0 0 0 0 0 0 0 0 0 0.215091 0.220154
0.222685 0 0 0 0 0 0 0 0 0 0 0 0 0 0 0 0.220154 0.225217
0.227748 0 0 0 0 0 0 0 0 0 0 0 0 0 0 0 0.225217 0.230279
0.232810 0 0 0 0 0 0 0 0 0 0 0 0 0 0 0 0.230279 0.235342
0.237873 0 0 0 0 0 0 0 0 0 0 0 0 0 0 0 0.235342 0.240404
0.242935 0 0 0 0 0 0 0 0 0 0 0 0 0 0 0 0.240404 0.245467
0.247998 0 0 0 0 0 0 0 0 0 0 0 0 0 0 0 0.245467 0.250529
0.253060 0 0 0 0 0 0 0 0 0 0 0 0 0 0 0 0.250529 0.255592
0.258123 0 0 0 0 0 0 0 0 0 0 0 0 0 0 0 0.255592 0.260654
0.263185 0 0 0 0 0 0 0 0 0 0 0 0 0 0 0 0.260654 0.265716
0.268248 0 0 0 0 0 0 0 0 0 0 0 0 0 0 0 0.265716 0.270779
0.273310 0 0 0 0 0 0 0 0 0 0 0 0 0 0 0 0.270779 0.275842
0.278373 0 0 0 0 0 0 0 0 0 0 0 0 0 0 0 0.275842 0.280904
0.283435 0 0 0 0 0 0 0 0 0 0 0 0 0 0 0 0.280904 0.285967
0.288498 0 0 0 0 0 0 0 0 0 0 0 0 0 0 0 0.285967 0.291029
0.293560 0 0 0 0 0 0 0 0 0 0 0 0 0 0 0 0.291029 0.296091
0.298623 0 0 0 0 0 0 0 0 0 0 0 0 0 0 0 0.296091 0.301154
0.303685 0 0 0 0 0 0 0 0 0 0 0 0 0 0 0 0.301154 0.306217
0.308748 0 0 0 0 0 0 0 0 0 0 0 0 0 0 0 0.306217 0.311279
0.313810 0 0 0 0 0 0 0 0 0 0 0 0 0 0 0 0.311279 0.316341
0.318873 0 0 0 0 0 0 0 0 0 0 0 0 0 0 0 0.316341 0.321404
0.323935 0 0 0 0 0 0 0 0 0 0 0 0 0 0 0 0.321404 0.326466
0.328997 0 0 0 0 0 0 0 0 0 0 0 0 0 0 0 0.326466 0.331528
0.334060 0 0 0 0 0 0 0 0 0 0 0 0 0 0 0 0.331528 0.336591
0.339122 0 0 0 0 0 0 0 0 0 0 0 0 0 0 0 0.336591 0.341653
0.344185 0 0 0 0 0 0 0 0 0 0 0 0 0 0 0 0.341653 0.346716
0.349247 0 0 0 0 0 0 0 0 0 0 0 0 0 0 0 0.346716 0.351779
0.354310 0 0 0 0 0 0 0 0 0 0 0 0 0 0 0 0.351779 0.356841
0.359372 0 0 0 0 0 0 0 0 0 0 0 0 0 0 0 0.356841 0.361903
0.364435 0 0 0 0 0 0 0 0 0 0 0 0 0 0 0 0.361903 0.366966
0.369497 0 0 0 0 0 0 0 0 0 0 0 0 0 0 0 0.366966 0.372028
0.374560 0 0 0 0 0 0 0 0 0 0 0 0 0 0 0 0.372028 0.377091
0.379622 0 0 0 0 0 0 0 0 0 0 0 0 0 0 0 0.377091 0.382154
0.384685 0 0 0 0 0 0 0 0 0 0 0 0 0 0 0 0.382154 0.387216
0.389747 0 0 0 0 0 0 0 0 0 0 0 0 0 0 0 0.387216 0.392278
0.394810 0 0 0 0 0 0 0 0 0 0 0 0 0 0 0 0.392278 0.397341
0.399872 0 0 0 0 0 0 0 0 0 0 0 0 0 0 0 0.397341 0.402404
0.404935 0 0 0 0 0 0 0 0 0 0 0 0 0 0 0 0.402404 0.407466
0.409997 0 0 0 0 0 0 0 0 0 0 0 0 0 0 0 0.407466 0.412529
0.415060 0 0 0 0 0 0 0 0 0 0 0 0 0 0 0 0.412529 0.417591
0.420122 0 0 0 0 0 0 0 0 0 0 0 0 0 0 0 0.417591 0.422653
0.425185 0 0 0 0 0 0 0 0 0 0 0 0 0 0 0 0.422653 0.427716
0.430247 0 0 0 0 0 0 0 0 0 0 0 0 0 0 0 0.427716 0.432779
0.435310 0 0 0 0 0 0 0 0 0 0 0 0 0 0 0 0.432779 0.437841
0.440372 0 0 0 0 0 0 0 0 0 0 0 0 0 0 0 0.437841 0.442903
0.445435 0 0 0 0 0 0 0 0 0 0 0 0 0 0 0 0.442903 0.447966
0.450497 0 0 0 0 0 0 0 0 0 0 0 0 0 0 0 0.447966 0.453029
0.455560 0 0 0 0 0 0 0 0 0 0 0 0 0 0 0 0.453029 0.458091
0.460622 0 0 0 0 0 0 0 0 0 0 0 0 0 0 0 0.458091 0.463154
0.465685 0 0 0 0 0 0 0 0 0 0 0 0 0 0 0 0.463154 0.468216
0.470747 0 0 0 0 0 0 0 0 0 0 0 0 0 0 0 0.468216 0.473278
0.475810 0 0 0 0 0 0 0 0 0 0 0 0 0 0 0 0.473278 0.478341
0.480872 0 0 0 0 0 0 0 0 0 0 0 0 0 0 0 0.478341 0.483404
0.485935 0 0 0 0 0 0 0 0 0 0 0 0 0 0 0 0.483404 0.488466
0.490997 0 0 0 0 0 0 0 0 0 0 0 0 0 0 0 0.488466 0.493528
0.496060 0 0 0 0 0 0 0 0 0 0 0 0 0 0 0 0.493528 0.498591
0.501122 0 0 0 0 0 0 0 0 0 0 0 0 0 0 0 0.498591 0.503654
0.506185 0 0 0 0 0 0 0 0 0 0 0 0 0 0 0 0.503654 0.508716
0.511247 0 0 0 0 0 0 0 0 0 0 0 0 0 0 0 0.508716 0.513778
0.516310 0 0 0 0 0 0 0 0 0 0 0 0 0 0 0 0.513778 0.518841
0.521372 0 0 0 0 0 0 0 0 0 0 0 0 0 0 0 0.518841 0.523903
0.526435 0 0 0 0 0 0 0 0 0 0 0 0 0 0 0 0.523903 0.528966
0.531497 0 0 0 0 0 0 0 0 0 0 0 0 0 0 0 0.528966 0.534029
0.536560 0 0 0 0 0 0 0 0 0 0 0 0 0 0 0 0.534029 0.539091
0.541622 0 0 0 0 0 0 0 0 0 0 0 0 0 0 0 0.539091 0.544153
0.546685 0 0 0 0 0 0 0 0 0 0 0 0 0 0 0 0.544153 0.549216
0.551747 0 0 0 0 0 0 0 0 0 0 0 0 0 0 0 0.549216 0.554278
0.556810 0 0 0 0 0 0 0 0 0 0 0 0 0 0 0 0.554278 0.559341
0.561872 0 0 0 0 0 0 0 0 0 0 0 0 0 0 0 0.559341 0.564404
0.566935 0 0 0 0 0 0 0 0 0 0 0 0 0 0 0 0.564404 0.569466
0.571997 0 0 0 0 0 0 0 0 0 0 0 0 0 0 0 0.569466 0.574528
0.577060 0 0 0 0 0 0 0 0 0 0 0 0 0 0 0 0.574528 0.579592
0.582123 0 0 0 0 0 0 0 0 0 0 0 0 0 0 0 0.579592 0.584654
0.587185 0 0 0 0 0 0 0 0 0 0 0 0 0 0 0 0.584654 0.589717
0.592248 0 0 0 0 0 0 0 0 0 0 0 0 0 0 0 0.589717 0.594779
0.597310 0 0 0 0 0 0 0 0 0 0 0 0 0 0 0 0.594779 0.599841
0.602373 0 0 0 0 0 0 0 0 0 0 0 0 0 0 0 0.599841 0.604904
0.607435 0 0 0 0 0 0 0 0 0 0 0 0 0 0 0 0.604904 0.609967
0.612498 0 0 0 0 0 0 0 0 0 0 0 0 0 0 0 0.609967 0.615029
0.617560 0 0 0 0 0 0 0 0 0 0 0 0 0 0 0 0.615029 0.620092
0.622623 0 0 0 0 0 0 0 0 0 0 0 0 0 0 0 0.620092 0.625154
0.627685 0 0 0 0 0 0 0 0 0 0 0 0 0 0 0 0.625154 0.630216
0.632748 0 0 0 0 0 0 0 0 0 0 0 0 0 0 0 0.630216 0.635279
0.637810 0 0 0 0 0 0 0 0 0 0 0 0 0 0 0 0.635279 0.640342
0.642873 0 0 0 0 0 0 0 0 0 0 0 0 0 0 0 0.640342 0.645404
0.647935 0 0 0 0 0 0 0 0 0 0 0 0 0 0 0 0.645404 0.650466
0.652998 0 0 0 0 0 0 0 0 0 0 0 0 0 0 0 0.650466 0.655529
0.658060 0 0 0 0 0 0 0 0 0 0 0 0 0 0 0 0.655529 0.660591
0.663123 0 0 0 0 0 0 0 0 0 0 0 0 0 0 0 0.660591 0.665654
0.668185 0 0 0 0 0 0 0 0 0 0 0 0 0 0 0 0.665654 0.670717
0.673248 0 0 0 0 0 0 0 0 0 0 0 0 0 0 0 0.670717 0.675779
0.678310 0 0 0 0 0 0 0 0 0 0 0 0 0 0 0 0.675779 0.680841
0.684006 0 0 0 0 0 0 0 0 0 0 0 0 0 0 0 0.680841 0.687170
0.690967 0 0 0 0 0 0 0 0 0 0 0 0 0 0 0 0.687170 0.694764
0.698560 0 0 0 0 0 0 0 0 0 0 0 0 0 0 0 0.694764 0.702357
0.706154 0 0 0 0 0 0 0 0 0 0 0 0 0 0 0 0.702357 0.709951
0.713748 0 0 0 0 0 0 0 0 0 0 0 0 0 0 0 0.709951 0.717545
0.721342 0 0 0 0 0 0 0 0 0 0 0 0 0 0 0 0.717545 0.725139
0.728935 0 0 0 0 0 0 0 0 0 0 0 0 0 0 0 0.725139 0.732732
0.736529 0 0 0 0 0 0 0 0 0 0 0 0 0 0 0 0.732732 0.740326
0.744123 0 0 0 0 0 0 0 0 0 0 0 0 0 0 0 0.740326 0.747920
0.751717 0 0 0 0 0 0 0 0 0 0 0 0 0 0 0 0.747920 0.755513
0.759310 0 0 0 0 0 0 0 0 0 0 0 0 0 0 0 0.755513 0.763107
0.766904 0 0 0 0 0 0 0 0 0 0 0 0 0 0 0 0.763107 0.770701
0.774498 0 0 0 0 0 0 0 0 0 0 0 0 0 0 0 0.770701 0.778295
0.782092 0 0 0 0 0 0 0 0 0 0 0 0 0 0 0 0.778295 0.785888
0.789685 0 0 0 0 0 0 0 0 0 0 0 0 0 0 0 0.785888 0.793482
0.797279 0 0 0 0 0 0 0 0 0 0 0 0 0 0 0 0.793482 0.801076
0.804873 0 0 0 0 0 0 0 0 0 0 0 0 0 0 0 0.801076 0.808670
0.812467 0 0 0 0 0 0 0 0 0 0 0 0 0 0 0 0.808670 0.816263
0.820060 0 0 0 0 0 0 0 0 0 0 0 0 0 0 0 0.816263 0.823857
0.827654 0 0 0 0 0 0 0 0 0 0 0 0 0 0 0 0.823857 0.831451
0.835248 0 0 0 0 0 0 0 0 0 0 0 0 0 0 0 0.831451 0.839045
0.842842 0 0 0 0 0 0 0 0 0 0 0 0 0 0 0 0.839045 0.846639
0.850435 0 0 0 0 0 0 0 0 0 0 0 0 0 0 0 0.846639 0.854232
0.858029 0 0 0 0 0 0 0 0 0 0 0 0 0 0 0 0.854232 0.861826
0.865623 0 0 0 0 0 0 0 0 0 0 0 0 0 0 0 0.861826 0.869420
0.873217 0 0 0 0 0 0 0 0 0 0 0 0 0 0 0 0.869420 0.877014
0.880810 0 0 0 0 0 0 0 0 0 0 0 0 0 0 0 0.877014 0.884607
0.888404 0 0 0 0 0 0 0 0 0 0 0 0 0 0 0 0.884607 0.892201
0.895998 0 0 0 0 0 0 0 0 0 0 0 0 0 0 0 0.892201 0.899795
0.903592 0 0 0 0 0 0 0 0 0 0 0 0 0 0 0 0.899795 0.907389
0.911185 0 0 0 0 0 0 0 0 0 0 0 0 0 0 0 0.907389 0.914982
0.918779 0 0 0 0 0 0 0 0 0 0 0 0 0 0 0 0.914982 0.922576
0.926373 0 0 0 0 0 0 0 0 0 0 0 0 0 0 0 0.922576 0.930170
0.933967 0 0 0 0 0 0 0 0 0 0 0 0 0 0 0 0.930170 0.937763
0.941560 0 0 0 0 0 0 0 0 0 0 0 0 0 0 0 0.937763 0.945357
0.949154 0 0 0 0 0 0 0 0 0 0 0 0 0 0 0 0.945357 0.952951
0.956748 0 0 0 0 0 0 0 0 0 0 0 0 0 0 0 0.952951 0.960545
0.964342 0 0 0 0 0 0 0 0 0 0 0 0 0 0 0 0.960545 0.968138
0.971935 0 0 0 0 0 0 0 0 0 0 0 0 0 0 0 0.968138 0.975732
0.979529 0 0 0 0 0 0 0 0 0 0 0 0 0 0 0 0.975732 0.983326
0.987123 0 0 0 0 0 0 0 0 0 0 0 0 0 0 0 0.983326 0.990920
0.994717 0 0 0 0 0 0 0 0 0 0 0 0 0 0 0 0.990920 0.998514
1.000412 0 0 0 0 0 0 0 0 0 0 0 0 0 0 0 0.998514 1.002310
