#Peak halo mass range: 12.625 < log10(Mh/Msun) < 12.875
#Quenched threshold: True SFR / True SM < 1e-11 / yr
#True SFHs in units of Msun/yr.
#See documentation for explanation of true vs. observed SFRs and SMs.
#Bestfit halos in bin: 14404
#Bestfit SF halos in bin: 4174
#Bestfit Q halos in bin: 10230
#Bestfit central halos in bin: 11038
#Bestfit satellite halos in bin: 3366
#Avg_scale_factor <SFH_all> Err+ Err- <SFH_SF> Err+ Err- <SFH_Q> Err+ Err- <SFH_Cen> Err+ Err- <SFH_Sat> Err+ Err- Scale_factor_begin Scale_factor_end
0.028936 2.65558e-10 0.000111478 2.65421e-10 5.08967e-10 6.87005e-07 5.08967e-10 1.66243e-10 0.00014393 1.66116e-10 0 0 0 1.13639e-09 0.00047901 1.13583e-09 0.000000 0.057873
0.059561 0.000160619 0.00187896 0.000159222 0.00010967 0.000137535 0.000109532 0.000181408 0.00231319 0.000179691 0.000111689 0.00088177 0.000110631 0.000321076 0.00485606 0.00031858 0.057873 0.061248
0.062373 0.000891053 0.00510943 0.000840375 0.000879396 0.000892838 0.000865491 0.000895809 0.00626478 0.000839485 0.0007398 0.00282789 0.000710469 0.00138705 0.0117057 0.00130588 0.061248 0.063498
0.064623 0.00342435 0.00936062 0.0031254 0.00267341 0.00280128 0.00252902 0.00373075 0.011498 0.00339699 0.00287687 0.0042455 0.00266054 0.0052197 0.0218095 0.0046895 0.063498 0.065748
0.066873 0.00907534 0.0108486 0.00797687 0.00683779 0.00477906 0.00615923 0.00998829 0.0122321 0.00877592 0.0075794 0.00483558 0.00687496 0.0139809 0.0250968 0.0119557 0.065748 0.067998
0.069123 0.0194447 0.0113753 0.0163827 0.0115385 0.0092907 0.00940155 0.0226705 0.0118494 0.0191716 0.0159933 0.00728836 0.0134839 0.0307626 0.0185254 0.0257812 0.067998 0.070248
0.071373 0.0340854 0.0145797 0.0268103 0.0236572 0.013266 0.0180305 0.0383403 0.0133795 0.0302476 0.028512 0.0119971 0.0220967 0.0523622 0.0182587 0.0411715 0.070248 0.072498
0.073623 0.050899 0.0173629 0.0354149 0.0362668 0.0125352 0.0257562 0.0568691 0.0194892 0.0399526 0.0411203 0.0151355 0.0285609 0.0829656 0.0271241 0.0592547 0.072498 0.074748
0.075873 0.071109 0.0281573 0.0436846 0.0526177 0.0214785 0.0339832 0.0786537 0.0302865 0.0479864 0.058877 0.0275535 0.0370985 0.111221 0.0434591 0.0677901 0.074748 0.076998
0.078123 0.097601 0.0469233 0.0547686 0.0768334 0.0302799 0.045955 0.106074 0.0500092 0.0602299 0.0820197 0.0430793 0.0470585 0.148696 0.0652299 0.0833753 0.076998 0.079248
0.080373 0.123331 0.057937 0.0645925 0.102203 0.0425114 0.0544758 0.131951 0.0584375 0.0693386 0.107464 0.0533879 0.056101 0.175361 0.0783671 0.0921824 0.079248 0.081498
0.082904 0.151427 0.0645724 0.0755058 0.127967 0.0433252 0.0684413 0.160999 0.0672872 0.0807417 0.133906 0.0628009 0.0673753 0.208884 0.0788169 0.10798 0.081498 0.084311
0.085998 0.227808 0.100695 0.103724 0.194948 0.0634901 0.0936548 0.241216 0.104031 0.110673 0.207539 0.0917323 0.0930996 0.294277 0.104714 0.134076 0.084311 0.087685
0.089373 0.306239 0.117082 0.124098 0.258774 0.0871138 0.112729 0.325605 0.122553 0.134348 0.27948 0.106058 0.111531 0.393989 0.131657 0.170355 0.087685 0.091061
0.092748 0.392649 0.145629 0.127386 0.328138 0.106128 0.11547 0.418971 0.148648 0.139057 0.359678 0.137424 0.11598 0.500769 0.158812 0.177513 0.091061 0.094435
0.096123 0.494221 0.165686 0.144994 0.407695 0.130934 0.133869 0.529525 0.174113 0.158222 0.455512 0.167827 0.13578 0.621158 0.183296 0.192657 0.094435 0.097811
0.099498 0.608833 0.189013 0.181983 0.50414 0.153033 0.159469 0.65155 0.188797 0.199499 0.556982 0.193319 0.173387 0.778867 0.198919 0.222873 0.097811 0.101186
0.102873 0.750725 0.213806 0.208289 0.613465 0.153895 0.195705 0.806729 0.214323 0.227777 0.684412 0.204162 0.189736 0.96818 0.221424 0.274215 0.101186 0.104560
0.106248 0.90743 0.224432 0.225308 0.731167 0.156075 0.214747 0.979348 0.221748 0.247101 0.823551 0.227222 0.211472 1.18249 0.236647 0.306983 0.104560 0.107936
0.109623 1.07431 0.227975 0.250715 0.84313 0.14897 0.228202 1.16863 0.217351 0.272456 0.958199 0.220872 0.229948 1.45505 0.207225 0.353137 0.107936 0.111310
0.112998 1.2436 0.222809 0.286115 0.996426 0.161567 0.248576 1.34445 0.205703 0.308376 1.11809 0.224834 0.249091 1.65519 0.196214 0.40639 0.111310 0.114686
0.116373 1.4112 0.231008 0.294798 1.14396 0.168118 0.270188 1.52023 0.221595 0.328786 1.26998 0.244699 0.250191 1.8743 0.195027 0.455463 0.114686 0.118060
0.119748 1.57355 0.236413 0.310954 1.28282 0.17868 0.305068 1.69218 0.22059 0.344349 1.41025 0.242836 0.261218 2.10906 0.207063 0.469388 0.118060 0.121435
0.123123 1.73765 0.260193 0.33203 1.4145 0.185152 0.319752 1.86951 0.250913 0.370611 1.57044 0.249274 0.296211 2.286 0.216178 0.47915 0.121435 0.124811
0.126498 1.89999 0.254202 0.347365 1.51782 0.201635 0.321971 2.05592 0.248604 0.398915 1.70684 0.264709 0.299704 2.53339 0.228147 0.545382 0.124811 0.128185
0.129873 2.07495 0.262157 0.376474 1.66555 0.188658 0.358268 2.242 0.242701 0.434595 1.8581 0.270536 0.318291 2.78608 0.225277 0.598804 0.128185 0.131561
0.133248 2.26936 0.268906 0.408082 1.8402 0.190323 0.38055 2.44446 0.250932 0.472417 2.02975 0.277728 0.344355 3.05508 0.227427 0.630707 0.131561 0.134935
0.137045 2.45786 0.280567 0.458579 1.99142 0.192765 0.415511 2.64817 0.269938 0.50485 2.20678 0.294632 0.372557 3.2812 0.236105 0.687293 0.134935 0.139154
0.141685 2.76401 0.291595 0.48688 2.24614 0.1473 0.521253 2.97531 0.305787 0.536722 2.4629 0.302692 0.411881 3.75143 0.264174 0.794786 0.139154 0.144217
0.146748 3.05127 0.343862 0.532054 2.43733 0.164045 0.52646 3.30177 0.330293 0.596697 2.67443 0.304854 0.433997 4.28705 0.313863 0.884022 0.144217 0.149279
0.151810 3.37743 0.355668 0.607906 2.69071 0.170542 0.576098 3.65762 0.316009 0.691674 2.96701 0.354997 0.507438 4.72328 0.256124 1.01455 0.149279 0.154342
0.156873 3.68597 0.344787 0.679499 2.91619 0.144289 0.656087 4.00004 0.317192 0.755538 3.26125 0.356086 0.560986 5.07872 0.291774 1.09044 0.154342 0.159404
0.161935 4.01818 0.328351 0.759547 3.14823 0.114954 0.745585 4.37314 0.331931 0.836954 3.51104 0.354403 0.612653 5.68123 0.250537 1.24622 0.159404 0.164467
0.166998 4.3781 0.31562 0.844591 3.43343 0.117022 0.83466 4.76353 0.30725 0.959785 3.80626 0.36991 0.684292 6.25328 0.225894 1.38269 0.164467 0.169529
0.172060 4.739 0.320088 0.923347 3.75643 0.163952 0.872784 5.1399 0.305862 1.05768 4.1476 0.342459 0.773973 6.67836 0.271619 1.45323 0.169529 0.174591
0.177123 5.20625 0.341066 1.01314 4.12884 0.155119 1.0144 5.64585 0.333745 1.13935 4.53011 0.334888 0.846285 7.42353 0.238597 1.66512 0.174591 0.179654
0.182185 5.64062 0.338097 1.14473 4.4439 0.0926437 1.11279 6.1289 0.314006 1.31383 4.9317 0.342883 0.936464 7.96534 0.219278 1.85972 0.179654 0.184716
0.187248 6.08271 0.334195 1.26674 4.84049 0.0447903 1.25657 6.58956 0.332724 1.41988 5.33849 0.352201 1.08156 8.52321 0.226876 2.00985 0.184716 0.189779
0.192310 6.60638 0.332974 1.37884 5.16889 0.0159583 1.38045 7.19289 0.297517 1.62717 5.75315 0.368188 1.14799 9.40433 0.322756 2.20396 0.189779 0.194842
0.197373 6.99199 0.334416 1.53699 5.57024 -0.0430956 1.58582 7.57209 0.360173 1.76377 6.04595 0.35359 1.30844 10.0943 0.261626 2.4441 0.194842 0.199904
0.202435 7.53001 0.338913 1.70881 5.85891 -0.0916977 1.66291 8.21185 0.317469 1.98955 6.51146 0.367475 1.45829 10.8701 0.274491 2.69031 0.199904 0.204967
0.207498 8.11018 0.422843 1.82934 6.29507 -0.0958791 1.828 8.85078 0.376789 2.11318 6.98463 0.435329 1.57707 11.8012 0.417249 2.85723 0.204967 0.210029
0.212560 8.79994 0.480566 1.93909 6.87759 -0.0111103 1.95592 9.58429 0.459646 2.20758 7.54828 0.47492 1.69502 12.9045 0.652658 2.9659 0.210029 0.215091
0.217623 9.40565 0.619424 2.07658 7.34663 0 2.14336 10.2458 0.558824 2.37189 8.0623 0.48945 1.79117 13.8108 0.747986 3.11075 0.215091 0.220154
0.222685 9.9328 0.747217 2.1568 7.83162 -0.0247126 2.40983 10.7901 0.691219 2.38233 8.51988 0.586292 1.85267 14.5661 1.06136 3.08244 0.220154 0.225217
0.227748 10.5995 0.800213 2.26667 8.34227 0 2.54408 11.5206 0.824783 2.50055 9.07499 0.680353 1.95261 15.599 1.17603 3.3414 0.225217 0.230279
0.232810 11.3776 0.967935 2.29614 8.69048 0.072793 2.53071 12.4739 0.93489 2.67619 9.73864 0.754738 2.04774 16.752 1.54542 3.44861 0.230279 0.235342
0.237873 12.1809 1.05782 2.49293 9.31917 0.144526 2.66226 13.3485 1.00552 2.79438 10.4445 0.80606 2.1712 17.8749 1.77781 3.43936 0.235342 0.240404
0.242935 12.8374 1.18502 2.62093 9.95905 0.205501 2.76322 14.0119 1.267 2.81566 11.13 0.89079 2.31749 18.4365 2.11315 3.37567 0.240404 0.245467
0.247998 13.8099 1.42824 2.60504 10.7103 0.229575 2.93807 15.0746 1.41622 2.90794 11.9782 1.01258 2.43188 19.8164 2.39894 3.34821 0.245467 0.250529
0.253060 14.79 1.67817 2.6062 11.6327 0.3113 3.11131 16.0782 1.71074 2.95543 12.9355 1.15854 2.54848 20.8712 2.63937 3.38835 0.250529 0.255592
0.258123 16.0136 1.93528 2.64471 12.5881 0.454223 3.28669 17.4113 1.98516 2.98733 14.1228 1.53822 2.57271 22.2142 2.6301 3.55573 0.255592 0.260654
0.263185 17.0455 2.0839 2.71048 13.4603 0.706004 3.40131 18.5083 2.06265 3.07381 15.126 1.74319 2.64808 23.3402 2.98905 3.64804 0.260654 0.265716
0.268248 18.1087 2.29411 2.86463 14.2163 0.798997 3.64057 19.6969 2.44564 3.15116 16.257 1.86606 2.76644 24.1812 3.40125 3.54385 0.265716 0.270779
0.273310 19.0424 2.67501 2.86662 14.8781 0.825826 3.71128 20.7415 2.86834 3.21988 17.1142 2.10771 2.81214 25.3655 3.89674 3.56088 0.270779 0.275842
0.278373 20.115 2.79883 3.09075 16.2745 0.844114 4.01725 21.6819 3.15799 3.23336 18.0014 2.40249 3.00958 27.0458 3.74441 3.97678 0.275842 0.280904
0.283435 21.5446 3.03738 3.24655 17.6134 0.861759 4.40063 23.1487 3.31664 3.40204 19.3086 2.72139 3.17965 28.8771 3.82339 4.20244 0.280904 0.285967
0.288498 22.8034 3.27868 3.46971 18.7869 0.868708 4.53944 24.4422 3.65424 3.57863 20.4793 2.82096 3.25155 30.4247 4.21687 4.44816 0.285967 0.291029
0.293560 23.9565 3.36874 3.64915 19.6158 0.919512 4.56391 25.7275 3.86556 3.77144 21.5702 3.03884 3.49254 31.7815 4.6649 4.45099 0.291029 0.296091
0.298623 25.272 3.44301 3.82028 20.6268 1.10383 4.50678 27.1673 3.89574 4.0284 22.9504 3.21921 3.71868 32.8854 4.89561 4.46983 0.296091 0.301154
0.303685 26.5702 3.56073 4.00127 21.7913 1.18788 4.69234 28.5201 4.10255 4.3214 24.155 3.35291 3.86406 34.4903 4.97939 4.92329 0.301154 0.306217
0.308748 27.9572 3.68959 4.19968 23.392 1.33364 4.89892 29.8199 4.16508 4.61838 25.6001 3.37436 4.11326 35.687 5.19762 5.07034 0.306217 0.311279
0.313810 29.1682 3.95687 4.35616 24.3629 1.42119 5.13141 31.1289 4.31441 4.7604 26.9228 3.4219 4.2765 36.5314 5.578 4.84334 0.311279 0.316341
0.318873 30.3246 4.02099 4.58463 25.6104 1.60181 5.3883 32.2481 4.40271 4.86966 28.2912 3.47423 4.49361 36.9928 5.29205 5.08812 0.316341 0.321404
0.323935 31.5248 3.98603 4.83103 26.4965 1.79719 5.45075 33.5764 4.5523 5.14856 29.6189 3.39976 4.63404 37.7747 5.35191 5.31105 0.321404 0.326466
0.328997 32.6948 4.20436 5.02457 28.2816 1.97767 5.88158 34.4955 4.60065 5.42234 31.0032 3.4123 4.93285 38.2419 4.97457 5.65501 0.326466 0.331528
0.334060 33.4889 4.17768 5.25764 30.1465 2.09686 6.10224 34.8527 4.5033 5.47515 32.2571 3.7405 5.18105 37.5283 4.63056 5.83431 0.331528 0.336591
0.339122 34.2734 4.0273 5.40815 31.1047 2.08344 6.35717 35.5663 4.31321 5.61858 33.2931 3.96201 5.42244 37.4882 4.18054 5.9153 0.336591 0.341653
0.344185 34.7808 3.86969 5.57246 31.68 2.13472 6.42354 36.046 3.91343 5.83179 33.8817 3.66481 5.54582 37.7294 3.77488 6.05488 0.341653 0.346716
0.349247 35.0947 3.71135 5.69017 32.1902 2.26313 6.248 36.2798 3.95914 5.80168 34.5286 3.57734 5.71158 36.9511 3.87788 5.84844 0.346716 0.351779
0.354310 35.2527 3.50283 5.94701 32.6869 2.43069 6.23931 36.2996 3.39578 6.0918 34.8683 3.14089 5.83324 36.5132 3.63583 6.25336 0.351779 0.356841
0.359372 35.092 3.28165 6.04991 33.1793 2.13057 6.85205 35.8724 3.46241 6.14977 34.9008 3.403 6.12908 35.7189 3.43026 6.15369 0.356841 0.361903
0.364435 34.9228 3.07889 6.20216 33.1407 2.20124 6.95886 35.6499 3.20168 6.14849 35.036 3.01129 6.2578 34.5514 3.665 5.80619 0.361903 0.366966
0.369497 34.7733 3.22267 6.28926 33.6461 2.29629 7.06321 35.2333 3.24685 6.21058 35.0315 3.07351 6.49785 33.9267 3.79816 5.66571 0.366966 0.372028
0.374560 34.029 3.01115 6.12506 33.0424 2.33835 6.93157 34.4315 2.99481 6.08726 34.4306 2.98591 6.33441 32.7117 3.56621 5.63582 0.372028 0.377091
0.379622 33.5732 2.92212 6.02601 32.6309 2.33597 6.73914 33.9577 3.07911 5.98324 34.2372 2.95152 6.22993 31.3957 3.47801 5.43633 0.377091 0.382154
0.384685 32.7496 3.04728 5.79906 31.7184 2.49113 6.42802 33.1703 3.1932 5.88572 33.585 2.84821 6.1138 30.0101 3.5873 5.02955 0.382154 0.387216
0.389747 32.1551 2.92926 5.87304 31.778 2.6093 6.40765 32.309 3.12413 5.96823 33.1754 3.03237 6.09205 28.8093 3.33824 4.98829 0.387216 0.392278
0.394810 31.7282 2.91336 5.8097 31.6226 2.6966 6.44443 31.7712 3.32203 5.8834 32.8834 2.95656 6.14801 27.94 3.49862 4.99766 0.392278 0.397341
0.399872 31.234 3.00509 5.84864 31.1176 2.5948 6.45847 31.2815 3.48771 5.83491 32.5834 3.00356 6.0745 26.8092 3.51788 4.89126 0.397341 0.402404
0.404935 30.1829 3.06958 5.67687 29.917 2.51507 6.16928 30.2914 3.35698 5.62239 31.5662 3.12608 5.86238 25.6469 3.42725 4.51114 0.402404 0.407466
0.409997 29.4346 3.23912 5.51281 29.5364 2.58786 6.11169 29.393 3.44796 5.35211 30.8313 3.15599 5.71741 24.8542 3.51918 4.41639 0.407466 0.412529
0.415060 28.647 3.398 5.28839 28.7072 2.49774 6.05644 28.6225 3.68619 5.14682 30.1393 3.30145 5.59974 23.7535 3.78227 4.1909 0.412529 0.417591
0.420122 27.7906 3.533 5.04741 27.9022 2.72141 5.65797 27.745 3.91641 4.95425 29.3471 3.5083 5.40815 22.6861 3.88476 3.91679 0.417591 0.422653
0.425185 26.9388 3.60413 4.79715 27.4323 2.85109 5.39421 26.7375 3.94887 4.7043 28.6226 3.76804 5.22363 21.4172 3.99254 3.63088 0.422653 0.427716
0.430247 25.8319 3.56376 4.56788 26.2251 2.94985 4.98139 25.6715 3.86846 4.49382 27.4764 3.72411 4.95847 20.4393 3.9432 3.41686 0.427716 0.432779
0.435310 24.726 3.56007 4.31015 25.2185 3.19098 4.57076 24.5251 3.79741 4.27782 26.3133 3.80372 4.67169 19.5211 3.82671 3.27976 0.432779 0.437841
0.440372 23.8578 3.63391 4.09625 24.6117 3.17039 4.54497 23.5502 3.88005 4.06509 25.4232 3.86065 4.44371 18.7245 3.64374 3.08514 0.437841 0.442903
0.445435 22.9441 3.73003 3.95363 23.7682 3.57756 4.07374 22.6079 3.85442 3.91093 24.4213 3.81602 4.22504 18.1 3.66295 2.93733 0.442903 0.447966
0.450497 22.055 3.64718 3.88526 22.9355 3.45858 3.85734 21.6957 3.62811 3.81923 23.6504 3.7583 4.09277 16.8231 3.42982 2.53799 0.447966 0.453029
0.455560 21.0919 3.54341 3.77202 22.018 3.29335 3.778 20.714 3.71002 3.62186 22.6129 3.71869 3.99606 16.1041 3.29312 2.38187 0.453029 0.458091
0.460622 20.2861 3.46665 3.66886 21.1465 3.38473 3.37906 19.935 3.6105 3.55458 21.7397 3.57682 3.93581 15.5192 3.33602 2.32908 0.458091 0.463154
0.465685 19.5857 3.49206 3.50216 20.381 3.4083 3.26021 19.2612 3.53561 3.37437 21.0826 3.6457 3.84384 14.6768 3.14375 2.19032 0.463154 0.468216
0.470747 18.9612 3.48953 3.31641 19.6871 3.29084 3.18515 18.6651 3.47587 3.29192 20.3976 3.60988 3.74764 14.251 3.00363 2.16474 0.468216 0.473278
0.475810 18.1832 3.43997 3.22556 18.8442 3.34395 3.19645 17.9135 3.43598 3.16659 19.5659 3.55667 3.51909 13.6492 3.05046 1.95539 0.473278 0.478341
0.480872 17.3892 3.28403 3.08382 18.1418 3.38597 2.93685 17.0821 3.31092 3.09142 18.8013 3.47637 3.36065 12.7584 2.92049 1.8645 0.478341 0.483404
0.485935 16.7565 3.1698 3.02021 17.4428 3.35687 2.83025 16.4765 3.17987 2.87317 18.1501 3.38316 3.20598 12.1866 2.77304 1.74838 0.483404 0.488466
0.490997 16.0484 3.03573 2.80208 16.7431 3.39098 2.57646 15.7649 3.05077 2.80282 17.3938 3.24179 3.11507 11.6364 2.65726 1.68417 0.488466 0.493528
0.496060 15.4268 2.9336 2.68963 16.0552 3.27394 2.56764 15.1704 2.96965 2.65971 16.7681 3.15349 3.00362 11.028 2.59414 1.51061 0.493528 0.498591
0.501122 14.7924 2.84283 2.56991 15.3545 3.15339 2.31448 14.5631 2.79474 2.58639 16.0871 3.04493 2.87206 10.5469 2.57061 1.37272 0.498591 0.503654
0.506185 14.1095 2.74237 2.4535 14.7195 3.08632 2.13976 13.8606 2.66095 2.51726 15.3653 2.98063 2.73594 9.9915 2.51887 1.27919 0.503654 0.508716
0.511247 13.4786 2.58459 2.35026 14.0105 2.95697 2.03464 13.2615 2.56025 2.37856 14.7361 2.85451 2.62838 9.35476 2.21354 1.25501 0.508716 0.513778
0.516310 12.8798 2.49905 2.23684 13.4044 2.69618 1.8764 12.6658 2.54358 2.22275 14.0823 2.75823 2.50879 8.93642 2.27069 1.18389 0.513778 0.518841
0.521372 12.4028 2.51901 2.18209 12.9811 2.61814 1.8697 12.1669 2.5177 2.0707 13.5363 2.69112 2.36107 8.68598 2.19106 1.11532 0.518841 0.523903
0.526435 11.9326 2.44909 2.06465 12.6163 2.48165 1.84626 11.6537 2.39022 1.94868 12.9651 2.55968 2.24926 8.54695 2.16874 1.06927 0.523903 0.528966
0.531497 11.5161 2.31452 1.96422 12.1892 2.40721 1.86745 11.2415 2.2481 1.83999 12.5264 2.42649 2.17347 8.20325 2.10255 1.04909 0.528966 0.534029
0.536560 11.1658 2.19755 1.8802 11.8285 2.39302 1.80192 10.8953 2.19768 1.81467 12.1303 2.36316 2.1166 8.00265 2.15075 1.0441 0.534029 0.539091
0.541622 10.6683 2.06389 1.82444 11.3522 2.28979 1.76466 10.3893 2.12288 1.72764 11.6186 2.25288 2.04021 7.55182 2.01524 1.05503 0.539091 0.544153
0.546685 10.3476 2.06371 1.77207 10.9826 2.35259 1.60942 10.0886 2.0661 1.70989 11.3136 2.18972 1.97446 7.18009 1.85941 1.02035 0.544153 0.549216
0.551747 9.99696 2.07658 1.71424 10.6333 2.29438 1.51453 9.73732 2.01305 1.63971 10.9323 2.15553 1.89233 6.92969 1.77617 0.963912 0.549216 0.554278
0.556810 9.61853 1.97167 1.63338 10.2801 2.19484 1.46999 9.3486 2.02336 1.59389 10.5059 2.06603 1.80041 6.70854 1.76468 0.933194 0.554278 0.559341
0.561872 9.33911 1.97036 1.60246 10.005 2.10599 1.46935 9.06743 2.01948 1.5436 10.2137 2.05231 1.73287 6.47122 1.7364 0.993783 0.559341 0.564404
0.566935 9.04904 1.97141 1.54866 9.63218 2.0973 1.41988 8.8111 2.00387 1.46788 9.90771 2.0779 1.66225 6.23321 1.67951 0.920444 0.564404 0.569466
0.571997 8.76719 1.94882 1.4837 9.32455 2.10816 1.39732 8.53977 1.9953 1.42726 9.5779 2.05578 1.64206 6.10863 1.65661 0.920358 0.569466 0.574528
0.577060 8.46373 1.92983 1.42767 9.04523 2.04542 1.31979 8.22646 1.95026 1.39977 9.23727 2.01722 1.58822 5.92707 1.65875 0.908463 0.574528 0.579592
0.582123 8.20216 1.89187 1.39444 8.69707 2.00276 1.27534 8.00023 1.91244 1.43241 8.94728 2.00069 1.55528 5.75873 1.64085 0.927951 0.579592 0.584654
0.587185 7.93516 1.87855 1.45058 8.42189 1.88742 1.30883 7.73657 1.89563 1.39932 8.65296 1.99035 1.51998 5.58131 1.57352 0.957406 0.584654 0.589717
0.592248 7.68783 1.82421 1.41908 8.20219 2.00994 1.2575 7.47796 1.85329 1.2872 8.41049 1.9751 1.50495 5.31802 1.48246 0.92308 0.589717 0.594779
0.597310 7.45775 1.75944 1.34236 7.94036 1.86823 1.25223 7.26084 1.7793 1.18275 8.14375 1.86647 1.47661 5.2082 1.44755 0.905256 0.594779 0.599841
0.602373 7.20945 1.69518 1.20805 7.73447 1.87176 1.22748 6.99524 1.76768 1.11863 7.88624 1.82433 1.39725 4.9901 1.41398 0.828602 0.599841 0.604904
0.607435 7.02339 1.66864 1.15273 7.56713 1.81823 1.19545 6.80154 1.74719 1.14984 7.67216 1.7769 1.30682 4.89589 1.3998 0.84535 0.604904 0.609967
0.612498 6.76163 1.59048 1.11211 7.37332 1.74429 1.16619 6.51205 1.6696 1.10058 7.42193 1.70793 1.25327 4.59632 1.29805 0.788058 0.609967 0.615029
0.617560 6.50691 1.50565 1.12477 7.20045 1.72965 1.13262 6.22393 1.60554 1.0893 7.15871 1.65208 1.2051 4.36946 1.27355 0.772288 0.615029 0.620092
0.622623 6.35209 1.46987 1.10653 7.04277 1.73024 1.11857 6.07028 1.56134 1.04613 6.99503 1.61687 1.16922 4.24371 1.17265 0.753417 0.620092 0.625154
0.627685 6.16789 1.42864 1.11357 6.85772 1.70721 1.0979 5.88644 1.49284 1.04805 6.79536 1.59015 1.13401 4.11026 1.08978 0.761934 0.625154 0.630216
0.632748 5.95204 1.39774 1.10199 6.67656 1.70152 1.07374 5.65642 1.4491 1.01619 6.57384 1.59018 1.14409 3.91299 1.02637 0.767632 0.630216 0.635279
0.637810 5.81117 1.35834 1.081 6.58843 1.67316 1.08272 5.49404 1.38799 0.978545 6.42468 1.52197 1.16435 3.79933 0.992158 0.7686 0.635279 0.640342
0.642873 5.64845 1.32658 1.03934 6.36247 1.57883 1.04238 5.35711 1.3263 0.957458 6.24912 1.46733 1.14631 3.67867 0.936947 0.761622 0.640342 0.645404
0.647935 5.48599 1.3031 0.984 6.22977 1.51679 1.00917 5.18252 1.28414 0.901344 6.073 1.43392 1.08525 3.56105 0.894992 0.727875 0.645404 0.650466
0.652998 5.26058 1.24976 0.937317 5.9476 1.43206 0.988816 4.98026 1.23069 0.855931 5.837 1.39051 1.05007 3.37031 0.851519 0.656237 0.650466 0.655529
0.658060 5.1088 1.22593 0.889481 5.7929 1.39429 0.945201 4.82968 1.18974 0.844837 5.66771 1.34067 0.998134 3.276 0.825241 0.617669 0.655529 0.660591
0.663123 4.97592 1.16595 0.876278 5.60322 1.36292 0.934999 4.71998 1.14412 0.831887 5.51688 1.2793 0.970488 3.20198 0.809807 0.588549 0.660591 0.665654
0.668185 4.87445 1.12218 0.884677 5.49997 1.34571 0.9272 4.61922 1.09425 0.825109 5.42917 1.22555 0.966726 3.05536 0.754698 0.558772 0.665654 0.670717
0.673248 4.74177 1.06232 0.867777 5.37985 1.32555 0.940923 4.48142 1.03657 0.785673 5.27108 1.15687 0.942785 3.00602 0.72748 0.564867 0.670717 0.675779
0.678310 4.62579 0.994991 0.837052 5.23407 1.31205 0.941099 4.3776 1.00144 0.804784 5.13543 1.09746 0.92283 2.95455 0.69818 0.589131 0.675779 0.680841
0.684006 4.54065 0.933938 0.828165 5.1965 1.28992 0.961722 4.27305 0.940478 0.824099 5.03698 1.04679 0.913581 2.91307 0.654106 0.62833 0.680841 0.687170
0.690967 4.38154 0.88495 0.851195 5.0572 1.25921 0.947703 4.10586 0.908484 0.817404 4.86471 0.966693 0.921662 2.7971 0.575488 0.611527 0.687170 0.694764
0.698560 4.19761 0.809521 0.862814 4.88821 1.22264 0.913473 3.91583 0.860204 0.791087 4.64437 0.929247 0.909456 2.73257 0.571309 0.63081 0.694764 0.702357
0.706154 4.02301 0.740324 0.830934 4.76503 1.15829 0.895777 3.72026 0.774618 0.790007 4.4443 0.81597 0.873281 2.64149 0.516061 0.638443 0.702357 0.709951
0.713748 3.89865 0.713403 0.847684 4.63503 1.03645 0.904804 3.5982 0.696649 0.783211 4.32042 0.812667 0.8987 2.51557 0.500329 0.616982 0.709951 0.717545
0.721342 3.77872 0.696696 0.853913 4.5798 1.04025 0.910677 3.45187 0.691756 0.767911 4.19822 0.816679 0.909491 2.40308 0.466093 0.602139 0.717545 0.725139
0.728935 3.64687 0.664351 0.822829 4.46155 0.970001 0.879546 3.31447 0.684646 0.757188 4.06293 0.775417 0.897375 2.2825 0.439583 0.573867 0.725139 0.732732
0.736529 3.54566 0.682795 0.854037 4.37328 0.942453 0.908116 3.20797 0.69304 0.740211 3.93331 0.754457 0.908529 2.27443 0.43713 0.596109 0.732732 0.740326
0.744123 3.37846 0.685199 0.829723 4.27249 0.928279 0.895945 3.01367 0.671154 0.69191 3.76317 0.765635 0.898235 2.11689 0.398394 0.557147 0.740326 0.747920
0.751717 3.29658 0.620144 0.837643 4.17554 0.929177 0.865579 2.93795 0.650414 0.704624 3.68856 0.744614 0.900315 2.01116 0.362264 0.546929 0.747920 0.755513
0.759310 3.25791 0.60186 0.828579 4.21036 0.922139 0.90049 2.86929 0.62762 0.671913 3.64461 0.701417 0.897037 1.98982 0.330964 0.538319 0.755513 0.763107
0.766904 3.20441 0.57845 0.829224 4.20594 0.956366 0.903575 2.79577 0.577678 0.66296 3.58541 0.70038 0.901342 1.95501 0.315368 0.538253 0.763107 0.770701
0.774498 3.09216 0.489803 0.805586 4.14883 0.945661 0.9033 2.66102 0.541392 0.623725 3.4619 0.597136 0.892768 1.87968 0.265383 0.50786 0.770701 0.778295
0.782092 3.04075 0.510656 0.809035 4.15551 0.87341 0.980016 2.58591 0.519689 0.622121 3.41992 0.596009 0.899523 1.79735 0.279353 0.516777 0.778295 0.785888
0.789685 2.96478 0.457338 0.808918 4.04157 0.759168 0.989764 2.52543 0.473985 0.620484 3.32516 0.547187 0.885987 1.783 0.257217 0.507873 0.785888 0.793482
0.797279 2.88105 0.452981 0.809377 4.00883 0.764806 1.00648 2.42089 0.451642 0.574126 3.21988 0.528489 0.88733 1.76992 0.25349 0.513773 0.793482 0.801076
0.804873 2.82065 0.421699 0.812206 4.03933 0.724758 1.11932 2.32341 0.427869 0.599072 3.15841 0.514853 0.904747 1.71304 0.237757 0.520212 0.801076 0.808670
0.812467 2.77304 0.396174 0.842611 3.95121 0.71147 1.17263 2.29233 0.44065 0.619701 3.09977 0.469304 0.931694 1.70161 0.223105 0.552171 0.808670 0.816263
0.820060 2.70918 0.386345 0.863455 3.90021 0.75622 1.15767 2.22322 0.387523 0.627135 3.02605 0.467167 0.95218 1.67005 0.205621 0.554945 0.816263 0.823857
0.827654 2.65858 0.388676 0.871827 3.89471 0.674188 1.22809 2.15422 0.40215 0.620648 2.95945 0.444628 0.94924 1.67195 0.214501 0.593772 0.823857 0.831451
0.835248 2.61847 0.353616 0.880372 3.92479 0.652332 1.28961 2.08547 0.392988 0.61539 2.93736 0.412544 0.975474 1.57273 0.234138 0.541623 0.831451 0.839045
0.842842 2.56837 0.319262 0.898487 3.96891 0.545747 1.38472 1.99693 0.373337 0.590587 2.89291 0.359468 0.999565 1.50413 0.189639 0.559206 0.839045 0.846639
0.850435 2.52503 0.312293 0.916259 4.03567 0.516777 1.51927 1.90867 0.402618 0.560062 2.84802 0.370129 1.01269 1.46588 0.169939 0.574313 0.846639 0.854232
0.858029 2.45582 0.332368 0.91174 4.13284 0.701885 1.59565 1.77156 0.415904 0.530835 2.77692 0.364606 1.00952 1.40283 0.207777 0.564918 0.854232 0.861826
0.865623 2.39945 0.352986 0.907061 4.23866 0.598237 1.74458 1.64902 0.435744 0.497265 2.72345 0.39295 1.01128 1.33696 0.226665 0.524651 0.861826 0.869420
0.873217 2.34381 0.36467 0.926646 4.32772 0.683624 1.85724 1.53435 0.438701 0.462964 2.67277 0.413079 1.03763 1.26507 0.198207 0.52058 0.869420 0.877014
0.880810 2.29947 0.310826 0.954463 4.42745 0.574669 1.96492 1.43122 0.424107 0.439195 2.62903 0.37081 1.07622 1.21873 0.141743 0.534401 0.877014 0.884607
0.888404 2.24668 0.33203 0.954033 4.44943 0.826116 1.96613 1.34792 0.420796 0.421106 2.57099 0.39769 1.09112 1.18315 0.173496 0.510902 0.884607 0.892201
0.895998 2.21071 0.311725 0.963616 4.51266 0.969576 2.00902 1.27147 0.347457 0.429793 2.55159 0.364895 1.11282 1.09288 0.187434 0.464497 0.892201 0.899795
0.903592 2.14522 0.331091 0.947401 4.57029 1.07062 2.02552 1.15576 0.330689 0.391503 2.46778 0.396423 1.09237 1.0875 0.144037 0.490496 0.899795 0.907389
0.911185 2.17544 0.321605 0.995214 4.72177 1.31417 2.09655 1.1365 0.300308 0.415971 2.49108 0.409059 1.12057 1.1404 0.120833 0.546906 0.907389 0.914982
0.918779 2.12277 0.295012 0.999991 4.75578 1.45329 2.10026 1.04845 0.223485 0.401382 2.44738 0.373652 1.14345 1.05826 0.131988 0.505956 0.914982 0.922576
0.926373 2.08641 0.299706 1.00211 4.72074 1.65732 2.07162 1.01156 0.190572 0.417004 2.41826 0.369126 1.15447 0.998178 0.142992 0.480997 0.922576 0.930170
0.933967 2.01205 0.309391 0.981906 4.75379 1.89692 2.07106 0.893369 0.162441 0.363709 2.33366 0.367795 1.13085 0.957385 0.157895 0.467274 0.930170 0.937763
0.941560 1.99197 0.344827 0.995758 4.94363 2.08929 2.17565 0.787646 0.0971728 0.335092 2.3133 0.409283 1.15603 0.938254 0.159941 0.457446 0.937763 0.945357
0.949154 1.90235 0.33256 0.946058 5.00368 2.28407 2.17828 0.636957 0.0936923 0.254828 2.18675 0.410336 1.07717 0.969729 0.104422 0.504329 0.945357 0.952951
0.956748 1.92122 0.274527 0.986743 5.4271 2.61869 2.38832 0.490763 0.0457858 0.188519 2.21356 0.356991 1.13034 0.962546 0.0777932 0.514974 0.952951 0.960545
0.964342 1.87947 0.265929 0.985348 6.03363 2.99828 2.66509 0.184508 0.0159932 0.0370574 2.16024 0.362987 1.12035 0.958751 0.0514899 0.520211 0.960545 0.968138
0.971935 0 0 0 0 0 0 0 0 0 0 0 0 0 0 0 0.968138 0.975732
0.979529 0 0 0 0 0 0 0 0 0 0 0 0 0 0 0 0.975732 0.983326
0.987123 0 0 0 0 0 0 0 0 0 0 0 0 0 0 0 0.983326 0.990920
0.994717 0 0 0 0 0 0 0 0 0 0 0 0 0 0 0 0.990920 0.998514
1.000412 0 0 0 0 0 0 0 0 0 0 0 0 0 0 0 0.998514 1.002310
