#Peak halo mass range: 11.875 < log10(Mh/Msun) < 12.125
#Quenched threshold: True SFR / True SM < 1e-11 / yr
#True SFHs in units of Msun/yr.
#See documentation for explanation of true vs. observed SFRs and SMs.
#Bestfit halos in bin: 7577
#Bestfit SF halos in bin: 7228
#Bestfit Q halos in bin: 349
#Bestfit central halos in bin: 6994
#Bestfit satellite halos in bin: 583
#Avg_scale_factor <SFH_all> Err+ Err- <SFH_SF> Err+ Err- <SFH_Q> Err+ Err- <SFH_Cen> Err+ Err- <SFH_Sat> Err+ Err- Scale_factor_begin Scale_factor_end
0.028936 2.39068e-06 0.00154087 2.39057e-06 2.50595e-06 0.0015433 2.50584e-06 3.41322e-09 0.000242284 3.41322e-09 2.58535e-06 0.00165549 2.58523e-06 5.53849e-08 0.000775305 5.53663e-08 0.000000 0.057873
0.059561 0.000700581 0.0142317 0.000690404 0.000668516 0.0140264 0.000658339 0.00136467 0.00986443 0.00136467 0.000660641 0.0141079 0.000649825 0.00117972 0.0157038 0.00117652 0.057873 0.061248
0.062373 0.00414107 0.0312335 0.00388977 0.00409652 0.0258293 0.00384521 0.00506383 0.0324961 0.00506383 0.00410027 0.0262452 0.00384473 0.00463057 0.0796289 0.00452911 0.061248 0.063498
0.064623 0.0134038 0.0485786 0.0121111 0.0132685 0.0419804 0.0120034 0.0162059 0.0707994 0.0162059 0.0132894 0.0458012 0.0119377 0.0147763 0.0846439 0.0137421 0.063498 0.065748
0.066873 0.032956 0.0757248 0.0272949 0.0326384 0.0655919 0.0271498 0.0395346 0.161464 0.0395346 0.0327681 0.075123 0.0268728 0.0352097 0.0680665 0.0305772 0.065748 0.067998
0.069123 0.0667208 0.0653995 0.0553797 0.0646816 0.0634223 0.0532711 0.108953 0.0392266 0.108953 0.0660231 0.0648188 0.0548299 0.0750912 0.078596 0.0635374 0.067998 0.070248
0.071373 0.109952 0.0545921 0.0880165 0.10844 0.0559156 0.0864737 0.141264 0.0436306 0.141264 0.110064 0.0532794 0.0883449 0.108611 0.0846271 0.0829301 0.070248 0.072498
0.073623 0.162709 0.061332 0.120109 0.161046 0.055776 0.119598 0.19715 0.0757034 0.19715 0.16297 0.0576258 0.1212 0.159575 0.106534 0.111101 0.072498 0.074748
0.075873 0.228876 0.0926193 0.148387 0.225911 0.0817395 0.146678 0.29027 0.144879 0.29027 0.227358 0.0737755 0.149114 0.247083 0.176161 0.152635 0.074748 0.076998
0.078123 0.312538 0.0870042 0.18497 0.307332 0.091943 0.181645 0.420365 0.118859 0.420365 0.310179 0.0861883 0.18341 0.340839 0.122359 0.199802 0.076998 0.079248
0.080373 0.375004 0.114187 0.201352 0.369704 0.111971 0.196518 0.48478 0.158389 0.48478 0.374552 0.112425 0.201727 0.380424 0.163827 0.192756 0.079248 0.081498
0.082904 0.423972 0.118822 0.213819 0.415418 0.108533 0.206739 0.601128 0.256287 0.601128 0.425079 0.118029 0.215255 0.410694 0.127055 0.202762 0.081498 0.084311
0.085998 0.613597 0.160695 0.283608 0.599896 0.145257 0.275193 0.89735 0.440012 0.89735 0.617646 0.164398 0.285837 0.565023 0.137749 0.256642 0.084311 0.087685
0.089373 0.778899 0.183931 0.322197 0.76069 0.159452 0.306458 1.15601 0.453719 1.15601 0.770673 0.191304 0.318002 0.877582 0.171246 0.364622 0.087685 0.091061
0.092748 0.996758 0.198177 0.373984 0.974086 0.19103 0.354508 1.46629 0.620953 1.46629 0.976344 0.201936 0.366632 1.24165 0.21548 0.467078 0.091061 0.094435
0.096123 1.19602 0.230122 0.400911 1.17545 0.208002 0.383295 1.62198 0.917428 1.62198 1.17728 0.222833 0.391609 1.42077 0.253475 0.474386 0.094435 0.097811
0.099498 1.49061 0.239906 0.456038 1.46847 0.234505 0.440473 1.94934 0.895569 1.94934 1.46711 0.247854 0.44704 1.77263 0.285746 0.559824 0.097811 0.101186
0.102873 1.8239 0.255713 0.484333 1.81387 0.234233 0.482839 2.03157 1.264 2.03157 1.79964 0.247714 0.478804 2.11493 0.37493 0.587846 0.101186 0.104560
0.106248 2.16362 0.227397 0.539235 2.14841 0.222507 0.524024 2.47865 1.27867 2.47865 2.13892 0.231684 0.528485 2.46 0.382388 0.634607 0.104560 0.107936
0.109623 2.5416 0.255652 0.568328 2.52557 0.236895 0.568661 2.87346 1.5658 2.87346 2.51835 0.252743 0.564066 2.82045 0.363831 0.676405 0.107936 0.111310
0.112998 2.93369 0.302442 0.644902 2.90298 0.235637 0.651885 3.56971 2.42974 3.56971 2.90345 0.280415 0.63494 3.29641 0.407607 0.747956 0.111310 0.114686
0.116373 3.36175 0.348558 0.717479 3.3178 0.222453 0.740434 4.27207 6.2531 4.27207 3.30794 0.332346 0.710317 4.00728 0.536037 0.866482 0.114686 0.118060
0.119748 3.88881 0.352575 0.826432 3.84908 0.236993 0.871464 4.71157 4.53845 4.71157 3.7973 0.341665 0.805615 4.98658 0.490341 1.10544 0.118060 0.121435
0.123123 4.4645 0.314148 0.959535 4.4263 0.24528 1.0065 5.2555 3.38679 5.2555 4.31001 0.322642 0.927483 6.3178 0.505496 1.48425 0.121435 0.124811
0.126498 5.04405 0.333079 1.08468 4.98007 0.299934 1.11208 6.36896 3.05648 6.36896 4.86763 0.316104 1.03792 7.16039 0.554824 1.67673 0.124811 0.128185
0.129873 5.51497 0.352827 1.16636 5.48343 0.304536 1.20394 6.16807 2.81687 6.16807 5.32991 0.339645 1.10086 7.73499 0.582706 1.79471 0.128185 0.131561
0.133248 6.16371 0.332007 1.30756 6.12412 0.318599 1.30309 6.9837 2.13345 6.9837 5.92132 0.359825 1.23802 9.07152 0.561437 2.10377 0.131561 0.134935
0.137045 6.89584 0.33237 1.43392 6.82893 0.354148 1.42796 8.28168 2.02211 8.28168 6.61101 0.354356 1.36389 10.3129 0.634736 2.41554 0.134935 0.139154
0.141685 8.00967 0.33526 1.66707 7.92039 0.384222 1.58579 9.85878 1.51889 9.85878 7.66314 0.340953 1.57796 12.1669 0.550758 2.82525 0.139154 0.144217
0.146748 9.59938 0.355262 2.03854 9.507 0.364548 1.97819 11.5127 3.65414 11.5127 9.2133 0.322015 1.93468 14.231 0.458788 3.3267 0.144217 0.149279
0.151810 10.9924 0.351325 2.44772 10.8535 0.431499 2.35394 13.8691 4.6558 13.8691 10.5211 0.341405 2.29611 16.6469 0.551279 4.02932 0.149279 0.154342
0.156873 12.5576 0.395272 2.8894 12.3698 0.441454 2.82032 16.4481 6.37719 16.4481 11.9439 0.430013 2.71463 19.9198 0.590921 5.04794 0.154342 0.159404
0.161935 14.328 0.512772 3.47494 14.0164 0.548869 3.18198 20.7823 6.68677 20.7823 13.5843 0.504148 3.20024 23.2506 0.512363 6.34161 0.159404 0.164467
0.166998 15.9881 0.566181 3.92158 15.7668 0.566559 3.76305 20.5714 5.49883 20.5714 15.3394 0.555896 3.69827 23.7701 0.489683 6.5018 0.164467 0.169529
0.172060 18.0844 0.65197 4.49885 17.8889 0.682438 4.43038 22.1339 4.96272 22.1339 17.4619 0.648426 4.34964 25.5525 0.62035 6.92378 0.169529 0.174591
0.177123 20.2947 0.719007 5.37246 20.1064 0.853531 5.18416 24.1946 4.88268 24.1946 19.6733 0.726152 5.16658 27.7495 0.774458 7.32882 0.174591 0.179654
0.182185 22.7335 0.918905 6.06136 22.8534 1.16771 6.18262 20.2503 3.90883 20.2503 22.1489 0.889498 5.9726 29.7462 1.17114 7.87744 0.179654 0.184716
0.187248 25.3593 1.33218 6.78906 25.8039 1.54847 7.08548 16.1528 3.80849 16.1528 24.8458 1.32522 6.75031 31.5202 1.42068 8.28707 0.184716 0.189779
0.192310 28.4626 1.53934 7.473 29.2776 2.26605 8.21173 11.5851 2.21545 11.5851 28.0441 1.58183 7.4843 33.4833 1.52934 9.14248 0.189779 0.194842
0.197373 31.3617 1.78894 8.36883 32.5751 2.9343 8.96312 6.23064 1.23174 6.23064 31.1783 1.88793 8.33902 33.5614 1.6825 8.75072 0.194842 0.199904
0.202435 34.7068 2.44553 8.69393 36.3816 4.049 9.79256 0.0207487 0.0030952 0.0207487 34.8338 2.66302 8.5409 33.1828 2.38394 8.69423 0.199904 0.204967
0.207498 0 0 0 0 0 0 0 0 0 0 0 0 0 0 0 0.204967 0.210029
0.212560 0 0 0 0 0 0 0 0 0 0 0 0 0 0 0 0.210029 0.215091
0.217623 0 0 0 0 0 0 0 0 0 0 0 0 0 0 0 0.215091 0.220154
0.222685 0 0 0 0 0 0 0 0 0 0 0 0 0 0 0 0.220154 0.225217
0.227748 0 0 0 0 0 0 0 0 0 0 0 0 0 0 0 0.225217 0.230279
0.232810 0 0 0 0 0 0 0 0 0 0 0 0 0 0 0 0.230279 0.235342
0.237873 0 0 0 0 0 0 0 0 0 0 0 0 0 0 0 0.235342 0.240404
0.242935 0 0 0 0 0 0 0 0 0 0 0 0 0 0 0 0.240404 0.245467
0.247998 0 0 0 0 0 0 0 0 0 0 0 0 0 0 0 0.245467 0.250529
0.253060 0 0 0 0 0 0 0 0 0 0 0 0 0 0 0 0.250529 0.255592
0.258123 0 0 0 0 0 0 0 0 0 0 0 0 0 0 0 0.255592 0.260654
0.263185 0 0 0 0 0 0 0 0 0 0 0 0 0 0 0 0.260654 0.265716
0.268248 0 0 0 0 0 0 0 0 0 0 0 0 0 0 0 0.265716 0.270779
0.273310 0 0 0 0 0 0 0 0 0 0 0 0 0 0 0 0.270779 0.275842
0.278373 0 0 0 0 0 0 0 0 0 0 0 0 0 0 0 0.275842 0.280904
0.283435 0 0 0 0 0 0 0 0 0 0 0 0 0 0 0 0.280904 0.285967
0.288498 0 0 0 0 0 0 0 0 0 0 0 0 0 0 0 0.285967 0.291029
0.293560 0 0 0 0 0 0 0 0 0 0 0 0 0 0 0 0.291029 0.296091
0.298623 0 0 0 0 0 0 0 0 0 0 0 0 0 0 0 0.296091 0.301154
0.303685 0 0 0 0 0 0 0 0 0 0 0 0 0 0 0 0.301154 0.306217
0.308748 0 0 0 0 0 0 0 0 0 0 0 0 0 0 0 0.306217 0.311279
0.313810 0 0 0 0 0 0 0 0 0 0 0 0 0 0 0 0.311279 0.316341
0.318873 0 0 0 0 0 0 0 0 0 0 0 0 0 0 0 0.316341 0.321404
0.323935 0 0 0 0 0 0 0 0 0 0 0 0 0 0 0 0.321404 0.326466
0.328997 0 0 0 0 0 0 0 0 0 0 0 0 0 0 0 0.326466 0.331528
0.334060 0 0 0 0 0 0 0 0 0 0 0 0 0 0 0 0.331528 0.336591
0.339122 0 0 0 0 0 0 0 0 0 0 0 0 0 0 0 0.336591 0.341653
0.344185 0 0 0 0 0 0 0 0 0 0 0 0 0 0 0 0.341653 0.346716
0.349247 0 0 0 0 0 0 0 0 0 0 0 0 0 0 0 0.346716 0.351779
0.354310 0 0 0 0 0 0 0 0 0 0 0 0 0 0 0 0.351779 0.356841
0.359372 0 0 0 0 0 0 0 0 0 0 0 0 0 0 0 0.356841 0.361903
0.364435 0 0 0 0 0 0 0 0 0 0 0 0 0 0 0 0.361903 0.366966
0.369497 0 0 0 0 0 0 0 0 0 0 0 0 0 0 0 0.366966 0.372028
0.374560 0 0 0 0 0 0 0 0 0 0 0 0 0 0 0 0.372028 0.377091
0.379622 0 0 0 0 0 0 0 0 0 0 0 0 0 0 0 0.377091 0.382154
0.384685 0 0 0 0 0 0 0 0 0 0 0 0 0 0 0 0.382154 0.387216
0.389747 0 0 0 0 0 0 0 0 0 0 0 0 0 0 0 0.387216 0.392278
0.394810 0 0 0 0 0 0 0 0 0 0 0 0 0 0 0 0.392278 0.397341
0.399872 0 0 0 0 0 0 0 0 0 0 0 0 0 0 0 0.397341 0.402404
0.404935 0 0 0 0 0 0 0 0 0 0 0 0 0 0 0 0.402404 0.407466
0.409997 0 0 0 0 0 0 0 0 0 0 0 0 0 0 0 0.407466 0.412529
0.415060 0 0 0 0 0 0 0 0 0 0 0 0 0 0 0 0.412529 0.417591
0.420122 0 0 0 0 0 0 0 0 0 0 0 0 0 0 0 0.417591 0.422653
0.425185 0 0 0 0 0 0 0 0 0 0 0 0 0 0 0 0.422653 0.427716
0.430247 0 0 0 0 0 0 0 0 0 0 0 0 0 0 0 0.427716 0.432779
0.435310 0 0 0 0 0 0 0 0 0 0 0 0 0 0 0 0.432779 0.437841
0.440372 0 0 0 0 0 0 0 0 0 0 0 0 0 0 0 0.437841 0.442903
0.445435 0 0 0 0 0 0 0 0 0 0 0 0 0 0 0 0.442903 0.447966
0.450497 0 0 0 0 0 0 0 0 0 0 0 0 0 0 0 0.447966 0.453029
0.455560 0 0 0 0 0 0 0 0 0 0 0 0 0 0 0 0.453029 0.458091
0.460622 0 0 0 0 0 0 0 0 0 0 0 0 0 0 0 0.458091 0.463154
0.465685 0 0 0 0 0 0 0 0 0 0 0 0 0 0 0 0.463154 0.468216
0.470747 0 0 0 0 0 0 0 0 0 0 0 0 0 0 0 0.468216 0.473278
0.475810 0 0 0 0 0 0 0 0 0 0 0 0 0 0 0 0.473278 0.478341
0.480872 0 0 0 0 0 0 0 0 0 0 0 0 0 0 0 0.478341 0.483404
0.485935 0 0 0 0 0 0 0 0 0 0 0 0 0 0 0 0.483404 0.488466
0.490997 0 0 0 0 0 0 0 0 0 0 0 0 0 0 0 0.488466 0.493528
0.496060 0 0 0 0 0 0 0 0 0 0 0 0 0 0 0 0.493528 0.498591
0.501122 0 0 0 0 0 0 0 0 0 0 0 0 0 0 0 0.498591 0.503654
0.506185 0 0 0 0 0 0 0 0 0 0 0 0 0 0 0 0.503654 0.508716
0.511247 0 0 0 0 0 0 0 0 0 0 0 0 0 0 0 0.508716 0.513778
0.516310 0 0 0 0 0 0 0 0 0 0 0 0 0 0 0 0.513778 0.518841
0.521372 0 0 0 0 0 0 0 0 0 0 0 0 0 0 0 0.518841 0.523903
0.526435 0 0 0 0 0 0 0 0 0 0 0 0 0 0 0 0.523903 0.528966
0.531497 0 0 0 0 0 0 0 0 0 0 0 0 0 0 0 0.528966 0.534029
0.536560 0 0 0 0 0 0 0 0 0 0 0 0 0 0 0 0.534029 0.539091
0.541622 0 0 0 0 0 0 0 0 0 0 0 0 0 0 0 0.539091 0.544153
0.546685 0 0 0 0 0 0 0 0 0 0 0 0 0 0 0 0.544153 0.549216
0.551747 0 0 0 0 0 0 0 0 0 0 0 0 0 0 0 0.549216 0.554278
0.556810 0 0 0 0 0 0 0 0 0 0 0 0 0 0 0 0.554278 0.559341
0.561872 0 0 0 0 0 0 0 0 0 0 0 0 0 0 0 0.559341 0.564404
0.566935 0 0 0 0 0 0 0 0 0 0 0 0 0 0 0 0.564404 0.569466
0.571997 0 0 0 0 0 0 0 0 0 0 0 0 0 0 0 0.569466 0.574528
0.577060 0 0 0 0 0 0 0 0 0 0 0 0 0 0 0 0.574528 0.579592
0.582123 0 0 0 0 0 0 0 0 0 0 0 0 0 0 0 0.579592 0.584654
0.587185 0 0 0 0 0 0 0 0 0 0 0 0 0 0 0 0.584654 0.589717
0.592248 0 0 0 0 0 0 0 0 0 0 0 0 0 0 0 0.589717 0.594779
0.597310 0 0 0 0 0 0 0 0 0 0 0 0 0 0 0 0.594779 0.599841
0.602373 0 0 0 0 0 0 0 0 0 0 0 0 0 0 0 0.599841 0.604904
0.607435 0 0 0 0 0 0 0 0 0 0 0 0 0 0 0 0.604904 0.609967
0.612498 0 0 0 0 0 0 0 0 0 0 0 0 0 0 0 0.609967 0.615029
0.617560 0 0 0 0 0 0 0 0 0 0 0 0 0 0 0 0.615029 0.620092
0.622623 0 0 0 0 0 0 0 0 0 0 0 0 0 0 0 0.620092 0.625154
0.627685 0 0 0 0 0 0 0 0 0 0 0 0 0 0 0 0.625154 0.630216
0.632748 0 0 0 0 0 0 0 0 0 0 0 0 0 0 0 0.630216 0.635279
0.637810 0 0 0 0 0 0 0 0 0 0 0 0 0 0 0 0.635279 0.640342
0.642873 0 0 0 0 0 0 0 0 0 0 0 0 0 0 0 0.640342 0.645404
0.647935 0 0 0 0 0 0 0 0 0 0 0 0 0 0 0 0.645404 0.650466
0.652998 0 0 0 0 0 0 0 0 0 0 0 0 0 0 0 0.650466 0.655529
0.658060 0 0 0 0 0 0 0 0 0 0 0 0 0 0 0 0.655529 0.660591
0.663123 0 0 0 0 0 0 0 0 0 0 0 0 0 0 0 0.660591 0.665654
0.668185 0 0 0 0 0 0 0 0 0 0 0 0 0 0 0 0.665654 0.670717
0.673248 0 0 0 0 0 0 0 0 0 0 0 0 0 0 0 0.670717 0.675779
0.678310 0 0 0 0 0 0 0 0 0 0 0 0 0 0 0 0.675779 0.680841
0.684006 0 0 0 0 0 0 0 0 0 0 0 0 0 0 0 0.680841 0.687170
0.690967 0 0 0 0 0 0 0 0 0 0 0 0 0 0 0 0.687170 0.694764
0.698560 0 0 0 0 0 0 0 0 0 0 0 0 0 0 0 0.694764 0.702357
0.706154 0 0 0 0 0 0 0 0 0 0 0 0 0 0 0 0.702357 0.709951
0.713748 0 0 0 0 0 0 0 0 0 0 0 0 0 0 0 0.709951 0.717545
0.721342 0 0 0 0 0 0 0 0 0 0 0 0 0 0 0 0.717545 0.725139
0.728935 0 0 0 0 0 0 0 0 0 0 0 0 0 0 0 0.725139 0.732732
0.736529 0 0 0 0 0 0 0 0 0 0 0 0 0 0 0 0.732732 0.740326
0.744123 0 0 0 0 0 0 0 0 0 0 0 0 0 0 0 0.740326 0.747920
0.751717 0 0 0 0 0 0 0 0 0 0 0 0 0 0 0 0.747920 0.755513
0.759310 0 0 0 0 0 0 0 0 0 0 0 0 0 0 0 0.755513 0.763107
0.766904 0 0 0 0 0 0 0 0 0 0 0 0 0 0 0 0.763107 0.770701
0.774498 0 0 0 0 0 0 0 0 0 0 0 0 0 0 0 0.770701 0.778295
0.782092 0 0 0 0 0 0 0 0 0 0 0 0 0 0 0 0.778295 0.785888
0.789685 0 0 0 0 0 0 0 0 0 0 0 0 0 0 0 0.785888 0.793482
0.797279 0 0 0 0 0 0 0 0 0 0 0 0 0 0 0 0.793482 0.801076
0.804873 0 0 0 0 0 0 0 0 0 0 0 0 0 0 0 0.801076 0.808670
0.812467 0 0 0 0 0 0 0 0 0 0 0 0 0 0 0 0.808670 0.816263
0.820060 0 0 0 0 0 0 0 0 0 0 0 0 0 0 0 0.816263 0.823857
0.827654 0 0 0 0 0 0 0 0 0 0 0 0 0 0 0 0.823857 0.831451
0.835248 0 0 0 0 0 0 0 0 0 0 0 0 0 0 0 0.831451 0.839045
0.842842 0 0 0 0 0 0 0 0 0 0 0 0 0 0 0 0.839045 0.846639
0.850435 0 0 0 0 0 0 0 0 0 0 0 0 0 0 0 0.846639 0.854232
0.858029 0 0 0 0 0 0 0 0 0 0 0 0 0 0 0 0.854232 0.861826
0.865623 0 0 0 0 0 0 0 0 0 0 0 0 0 0 0 0.861826 0.869420
0.873217 0 0 0 0 0 0 0 0 0 0 0 0 0 0 0 0.869420 0.877014
0.880810 0 0 0 0 0 0 0 0 0 0 0 0 0 0 0 0.877014 0.884607
0.888404 0 0 0 0 0 0 0 0 0 0 0 0 0 0 0 0.884607 0.892201
0.895998 0 0 0 0 0 0 0 0 0 0 0 0 0 0 0 0.892201 0.899795
0.903592 0 0 0 0 0 0 0 0 0 0 0 0 0 0 0 0.899795 0.907389
0.911185 0 0 0 0 0 0 0 0 0 0 0 0 0 0 0 0.907389 0.914982
0.918779 0 0 0 0 0 0 0 0 0 0 0 0 0 0 0 0.914982 0.922576
0.926373 0 0 0 0 0 0 0 0 0 0 0 0 0 0 0 0.922576 0.930170
0.933967 0 0 0 0 0 0 0 0 0 0 0 0 0 0 0 0.930170 0.937763
0.941560 0 0 0 0 0 0 0 0 0 0 0 0 0 0 0 0.937763 0.945357
0.949154 0 0 0 0 0 0 0 0 0 0 0 0 0 0 0 0.945357 0.952951
0.956748 0 0 0 0 0 0 0 0 0 0 0 0 0 0 0 0.952951 0.960545
0.964342 0 0 0 0 0 0 0 0 0 0 0 0 0 0 0 0.960545 0.968138
0.971935 0 0 0 0 0 0 0 0 0 0 0 0 0 0 0 0.968138 0.975732
0.979529 0 0 0 0 0 0 0 0 0 0 0 0 0 0 0 0.975732 0.983326
0.987123 0 0 0 0 0 0 0 0 0 0 0 0 0 0 0 0.983326 0.990920
0.994717 0 0 0 0 0 0 0 0 0 0 0 0 0 0 0 0.990920 0.998514
1.000412 0 0 0 0 0 0 0 0 0 0 0 0 0 0 0 0.998514 1.002310
