#Peak halo mass range: 11.375 < log10(Mh/Msun) < 11.625
#Quenched threshold: True SFR / True SM < 1e-11 / yr
#True SFHs in units of Msun/yr.
#See documentation for explanation of true vs. observed SFRs and SMs.
#Bestfit halos in bin: 204169
#Bestfit SF halos in bin: 176718
#Bestfit Q halos in bin: 27451
#Bestfit central halos in bin: 149941
#Bestfit satellite halos in bin: 54228
#Avg_scale_factor <SFH_all> Err+ Err- <SFH_SF> Err+ Err- <SFH_Q> Err+ Err- <SFH_Cen> Err+ Err- <SFH_Sat> Err+ Err- Scale_factor_begin Scale_factor_end
0.028936 0 0 0 0 0 0 0 0 0 0 0 0 0 0 0 0.000000 0.057873
0.059561 7.122e-07 1.1379e-05 6.91314e-07 7.17895e-07 6.91775e-06 7.16607e-07 6.75536e-07 3.55914e-05 6.23439e-07 8.46064e-07 1.57463e-07 8.44847e-07 3.42065e-07 3.86022e-05 3.04465e-07 0.057873 0.061248
0.062373 1.04335e-05 2.10682e-05 1.00144e-05 1.03198e-05 1.58175e-05 1.00906e-05 1.11652e-05 6.07234e-05 9.76529e-06 6.74676e-06 2.08737e-06 6.68666e-06 2.06274e-05 6.85615e-05 1.95463e-05 0.061248 0.063498
0.064623 4.70534e-05 5.26939e-05 4.42492e-05 3.52761e-05 3.62891e-05 3.32271e-05 0.000122871 0.000131595 0.000115728 2.68724e-05 8.70178e-06 2.60011e-05 0.000102854 0.00014592 9.45202e-05 0.063498 0.065748
0.066873 0.000102515 8.02791e-05 8.84077e-05 7.98405e-05 5.82796e-05 6.99585e-05 0.000248483 0.000190656 0.000214218 6.00057e-05 2.58034e-05 5.42842e-05 0.000220054 0.000205559 0.000190958 0.065748 0.067998
0.069123 0.000232592 0.000139343 0.000187979 0.000172524 0.00011003 0.000138357 0.000619286 0.000315514 0.000509214 0.000126504 5.74412e-05 0.000105113 0.000525926 0.000308885 0.000426213 0.067998 0.070248
0.071373 0.000505034 0.000269436 0.000367917 0.000353237 0.000207239 0.000256765 0.00148224 0.000720654 0.00111765 0.000277704 0.000127772 0.000205199 0.00113361 0.000510031 0.000839329 0.070248 0.072498
0.073623 0.000839836 0.000546006 0.000549469 0.000604828 0.000406655 0.000393886 0.00235272 0.00122791 0.00149358 0.00049031 0.000258295 0.00033648 0.00180628 0.00102406 0.00119296 0.072498 0.074748
0.075873 0.0012614 0.000949985 0.000745574 0.000942412 0.000720932 0.000583736 0.00331494 0.00232405 0.00180365 0.000716971 0.00052812 0.000462847 0.00276676 0.00179454 0.00165399 0.074748 0.076998
0.078123 0.00195294 0.00149798 0.00109526 0.00149367 0.0011705 0.000862061 0.00490956 0.00397657 0.00253021 0.00110409 0.000830135 0.000645325 0.00430003 0.00277867 0.00243108 0.076998 0.079248
0.080373 0.00276869 0.00213962 0.00142339 0.00217152 0.00172677 0.00112417 0.006613 0.00507787 0.00317984 0.00178153 0.00120297 0.000963429 0.00549818 0.00387777 0.00281999 0.079248 0.081498
0.082904 0.00367409 0.00265991 0.00171705 0.00303441 0.00215015 0.00144978 0.00779212 0.00576591 0.00341554 0.00247584 0.00159663 0.00123265 0.00698727 0.00460444 0.00326226 0.081498 0.084311
0.085998 0.00612356 0.00420985 0.00249053 0.00512356 0.00342608 0.00214248 0.0125611 0.00891527 0.00492257 0.00426617 0.00262072 0.00182162 0.0112593 0.00692408 0.00465751 0.084311 0.087685
0.089373 0.0090783 0.00608379 0.0035388 0.00773088 0.00492384 0.00310783 0.0177524 0.0117682 0.00605905 0.00643598 0.00382652 0.00268229 0.0163844 0.0096912 0.00635147 0.087685 0.091061
0.092748 0.0127405 0.0086261 0.0045568 0.0109888 0.00734076 0.00414074 0.0240174 0.0147463 0.00749992 0.00902885 0.00563213 0.00361272 0.0230033 0.0133372 0.00813435 0.091061 0.094435
0.096123 0.0172544 0.0100898 0.00598063 0.0150309 0.00868058 0.00557335 0.0315683 0.0190083 0.0092103 0.0123775 0.00720853 0.00484504 0.030739 0.0172474 0.010646 0.094435 0.097811
0.099498 0.0223799 0.0119644 0.00713724 0.0198311 0.0104659 0.00672675 0.0387882 0.0219616 0.0102343 0.0163575 0.00894159 0.00591179 0.0390319 0.0192693 0.0125723 0.097811 0.101186
0.102873 0.0280741 0.0140031 0.00864016 0.0249643 0.0129268 0.00778839 0.0480937 0.0236379 0.0118578 0.0209203 0.0110158 0.00680777 0.0478542 0.0217004 0.0139729 0.101186 0.104560
0.106248 0.0342987 0.016774 0.00926006 0.030466 0.0146301 0.00839943 0.0589718 0.028018 0.0131126 0.0258592 0.0128245 0.00783087 0.0576337 0.0237163 0.0156444 0.104560 0.107936
0.109623 0.0406813 0.0188924 0.00959355 0.036115 0.0166814 0.00899569 0.0700767 0.0309249 0.0149362 0.0311111 0.0145381 0.00859659 0.067143 0.0265195 0.0163256 0.107936 0.111310
0.112998 0.0464047 0.0194678 0.00963254 0.0413601 0.0176505 0.00947905 0.0788796 0.0338816 0.0147713 0.0357809 0.0151247 0.00896531 0.0757795 0.0269213 0.0167907 0.111310 0.114686
0.116373 0.0523696 0.0199955 0.0104518 0.0465502 0.0179005 0.00975136 0.0898326 0.0345243 0.0153271 0.0403107 0.0152958 0.00957656 0.0857126 0.026466 0.0175465 0.114686 0.118060
0.119748 0.0585678 0.0216023 0.0122642 0.0519132 0.0198082 0.0112163 0.101407 0.037693 0.0157026 0.0446593 0.0164885 0.00987182 0.097025 0.0286398 0.019864 0.118060 0.121435
0.123123 0.0641003 0.023904 0.0109603 0.0568446 0.0211015 0.0100348 0.110809 0.0409836 0.0131136 0.0492135 0.018048 0.00956522 0.105263 0.0308199 0.019154 0.121435 0.124811
0.126498 0.0698742 0.0247758 0.0102621 0.062063 0.021255 0.00950101 0.12016 0.0438117 0.0121845 0.053831 0.0178897 0.00946739 0.114234 0.0318913 0.0182369 0.124811 0.128185
0.129873 0.076351 0.024728 0.0105303 0.0676693 0.0217164 0.00949215 0.132241 0.0465563 0.0121324 0.0589305 0.0187022 0.00995295 0.124519 0.0338107 0.0180312 0.128185 0.131561
0.133248 0.0830526 0.0258915 0.0113234 0.0730718 0.0229538 0.0100804 0.147305 0.0470945 0.0129938 0.0636979 0.0195771 0.0102413 0.136568 0.0349594 0.0182092 0.131561 0.134935
0.137045 0.0884867 0.0278236 0.011301 0.0783336 0.0238298 0.0108254 0.153849 0.051711 0.0106916 0.0685614 0.0195786 0.011035 0.143581 0.0390694 0.0174942 0.134935 0.139154
0.141685 0.0971958 0.0299386 0.0107768 0.0864861 0.0252747 0.011188 0.166141 0.0572488 0.00913496 0.0751291 0.020879 0.0117371 0.15821 0.0394258 0.0172017 0.139154 0.144217
0.146748 0.106316 0.0300687 0.0110763 0.0943392 0.0268446 0.0113528 0.183421 0.0556793 0.0121628 0.0814694 0.0210494 0.0116951 0.175019 0.0372351 0.0197541 0.144217 0.149279
0.151810 0.113628 0.0307331 0.0121506 0.100809 0.0262859 0.0120509 0.196154 0.05582 0.0148751 0.0871256 0.0202661 0.0128194 0.186907 0.0387077 0.022695 0.149279 0.154342
0.156873 0.119909 0.0311519 0.0128094 0.106392 0.0260088 0.0126524 0.206919 0.0568992 0.01436 0.0917297 0.0217294 0.0138594 0.197823 0.0403619 0.0234529 0.154342 0.159404
0.161935 0.126918 0.0312348 0.0141928 0.111178 0.027255 0.0132106 0.228244 0.0566517 0.017602 0.0959936 0.0223801 0.0143283 0.212424 0.0391939 0.0270036 0.159404 0.164467
0.166998 0.132511 0.0304215 0.0145498 0.115918 0.0277321 0.0153685 0.239329 0.0606736 0.0169258 0.0998395 0.0223477 0.0165784 0.222847 0.0418816 0.0291704 0.164467 0.169529
0.172060 0.136473 0.0283131 0.0182167 0.11896 0.0257141 0.0180863 0.249211 0.0678477 0.0172578 0.102674 0.0215473 0.0187047 0.229926 0.0429932 0.0300892 0.169529 0.174591
0.177123 0.140601 0.027794 0.0201771 0.12248 0.0238697 0.0193543 0.257254 0.0700324 0.0188778 0.105387 0.0203068 0.0195477 0.23797 0.042699 0.0329454 0.174591 0.179654
0.182185 0.144702 0.0285787 0.0207318 0.125712 0.0233401 0.0204366 0.266952 0.0663339 0.0232517 0.107599 0.0196607 0.0201354 0.247293 0.0409508 0.0356148 0.179654 0.184716
0.187248 0.148356 0.0281772 0.0214428 0.128474 0.0245322 0.0209284 0.276351 0.0661289 0.0256562 0.109609 0.0182307 0.0215239 0.255494 0.0418239 0.036431 0.184716 0.189779
0.192310 0.152099 0.0281795 0.0235554 0.131489 0.022476 0.021372 0.284775 0.063792 0.0269447 0.111375 0.0185125 0.0218138 0.2647 0.0407406 0.0392939 0.189779 0.194842
0.197373 0.155973 0.0268532 0.0232662 0.134414 0.020236 0.0228795 0.294763 0.059343 0.0294138 0.114004 0.0175478 0.0226953 0.272019 0.0345393 0.0412961 0.194842 0.199904
0.202435 0.159693 0.0261507 0.0232339 0.137342 0.0180103 0.0226951 0.303582 0.0614272 0.028867 0.115922 0.0159842 0.0229098 0.280721 0.034445 0.0441717 0.199904 0.204967
0.207498 0.164396 0.0279664 0.0254005 0.140961 0.0176577 0.0246271 0.315257 0.0634331 0.0317189 0.118426 0.0158329 0.0244003 0.291503 0.0369186 0.0485838 0.204967 0.210029
0.212560 0.168742 0.0257307 0.0258744 0.144087 0.0181568 0.0262898 0.327457 0.0698918 0.033182 0.120877 0.0148465 0.0258755 0.301088 0.0357385 0.0493297 0.210029 0.215091
0.217623 0.172813 0.0249289 0.0270946 0.147461 0.0197033 0.02721 0.336019 0.0676591 0.0371438 0.122824 0.0144743 0.0265307 0.311036 0.0338816 0.0520274 0.215091 0.220154
0.222685 0.177183 0.0242014 0.029307 0.150897 0.0205348 0.0286028 0.346398 0.0702407 0.0394139 0.125091 0.0149585 0.0278575 0.321218 0.0331667 0.0568471 0.220154 0.225217
0.227748 0.18207 0.0253343 0.0308284 0.154967 0.0202459 0.0309622 0.356546 0.072311 0.0429195 0.127863 0.0157262 0.0290855 0.331952 0.0322626 0.0592262 0.225217 0.230279
0.232810 0.186394 0.0254908 0.0321436 0.158858 0.0195559 0.0316726 0.36366 0.07615 0.0437481 0.130695 0.0144161 0.0301515 0.340402 0.0346327 0.0608789 0.230279 0.235342
0.237873 0.190433 0.0239752 0.0320592 0.162505 0.0202276 0.0330555 0.370223 0.0781036 0.0449524 0.133582 0.0138754 0.0312131 0.347627 0.0342462 0.0630063 0.235342 0.240404
0.242935 0.195797 0.0231267 0.0340653 0.167207 0.0190969 0.0341512 0.379845 0.0758433 0.049964 0.136881 0.0123607 0.0323255 0.358701 0.035629 0.0680786 0.240404 0.245467
0.247998 0.20154 0.0222741 0.0367142 0.17209 0.0169344 0.0359592 0.391129 0.0751709 0.0551193 0.140955 0.0116643 0.0339851 0.369059 0.0367545 0.0728891 0.245467 0.250529
0.253060 0.206853 0.0213925 0.0399232 0.176573 0.0165517 0.0370928 0.401784 0.0756454 0.0595659 0.144489 0.0126025 0.0360789 0.379291 0.0357387 0.0751338 0.250529 0.255592
0.258123 0.212781 0.0228686 0.0423649 0.181885 0.0175751 0.0385778 0.411677 0.0789555 0.0609718 0.148649 0.0138261 0.0374757 0.390105 0.0349888 0.0790641 0.255592 0.260654
0.263185 0.21949 0.0216982 0.0448838 0.187498 0.0167701 0.041573 0.425439 0.0781023 0.0627243 0.153236 0.0118698 0.039399 0.402685 0.0360577 0.0846111 0.260654 0.265716
0.268248 0.226205 0.0224101 0.0474321 0.193507 0.0154371 0.0435549 0.436702 0.0781262 0.065509 0.157871 0.0136605 0.0406457 0.41515 0.0360595 0.0875503 0.265716 0.270779
0.273310 0.232544 0.0223462 0.0492274 0.199755 0.0164621 0.0453937 0.44363 0.0826534 0.061784 0.162976 0.0139206 0.0426034 0.424901 0.0375798 0.0880204 0.270779 0.275842
0.278373 0.239542 0.0244316 0.0498292 0.2058 0.0155427 0.0468578 0.456758 0.0876551 0.0657755 0.168847 0.0131167 0.0446465 0.435013 0.0421975 0.0892608 0.275842 0.280904
0.283435 0.246573 0.0240105 0.0522295 0.212182 0.0155517 0.049038 0.467963 0.0886773 0.0692851 0.1738 0.0121966 0.0459961 0.44779 0.0417378 0.0951159 0.280904 0.285967
0.288498 0.255588 0.02379 0.054502 0.219811 0.015547 0.0503957 0.485903 0.0919707 0.0750169 0.179416 0.0113886 0.04867 0.466202 0.0417058 0.0981295 0.285967 0.291029
0.293560 0.262816 0.0243664 0.0554069 0.226746 0.0173638 0.0528291 0.495015 0.094777 0.0757526 0.185389 0.0114564 0.0510489 0.476903 0.0443164 0.0989303 0.291029 0.296091
0.298623 0.272255 0.0249708 0.0569179 0.234612 0.0175446 0.0565 0.514584 0.0977648 0.0769054 0.191858 0.0117736 0.0537099 0.494553 0.0457763 0.102353 0.296091 0.301154
0.303685 0.281231 0.0268441 0.0589041 0.242383 0.0182744 0.0573971 0.531323 0.104537 0.078039 0.198696 0.012072 0.055307 0.509442 0.0499617 0.105891 0.301154 0.306217
0.308748 0.290325 0.0283756 0.0601163 0.250755 0.0182152 0.058821 0.545062 0.109933 0.0785537 0.205539 0.0125198 0.0570485 0.524759 0.0545591 0.110436 0.306217 0.311279
0.313810 0.300501 0.0291463 0.0618075 0.259484 0.0197816 0.0613221 0.56455 0.112107 0.0824791 0.212438 0.0144858 0.0600678 0.543998 0.0560244 0.116647 0.311279 0.316341
0.318873 0.311478 0.0300772 0.0643682 0.268872 0.022094 0.0621917 0.58576 0.114111 0.0848671 0.220607 0.0137719 0.0625538 0.562737 0.0589064 0.117793 0.316341 0.321404
0.323935 0.323027 0.0328939 0.0664726 0.278892 0.0228609 0.0636344 0.607149 0.114801 0.0889631 0.228191 0.0120237 0.0648309 0.585247 0.0589463 0.12181 0.321404 0.326466
0.328997 0.334587 0.0329502 0.0683665 0.289539 0.0233251 0.0658655 0.624586 0.121603 0.0883155 0.236608 0.0124893 0.0669776 0.6055 0.0593449 0.124525 0.326466 0.331528
0.334060 0.347944 0.0332519 0.0707561 0.301372 0.0229118 0.0674188 0.647757 0.123139 0.0950312 0.245837 0.0136838 0.0687167 0.630272 0.0559968 0.129914 0.331528 0.336591
0.339122 0.361251 0.034539 0.0738406 0.313076 0.0228025 0.0696459 0.671377 0.127732 0.0974506 0.255328 0.0147548 0.0711073 0.654128 0.0582716 0.135478 0.336591 0.341653
0.344185 0.373509 0.035145 0.0770883 0.323295 0.0231546 0.0724428 0.696767 0.123232 0.100278 0.263842 0.0142073 0.0731194 0.67674 0.058966 0.141208 0.341653 0.346716
0.349247 0.387602 0.0353043 0.0802696 0.335182 0.0233708 0.075728 0.725058 0.125491 0.104712 0.274317 0.0160476 0.0751872 0.700835 0.0615101 0.146159 0.346716 0.351779
0.354310 0.40235 0.035225 0.0822938 0.347651 0.0234879 0.0792378 0.754478 0.121163 0.109749 0.284505 0.0157619 0.0772372 0.728194 0.0600561 0.155344 0.351779 0.356841
0.359372 0.417418 0.0373461 0.08536 0.361851 0.0240481 0.0830191 0.77514 0.123528 0.109934 0.296845 0.0158534 0.0797061 0.750805 0.0632167 0.159809 0.356841 0.361903
0.364435 0.433672 0.038224 0.0908853 0.375601 0.0270492 0.0840088 0.807507 0.123683 0.117679 0.308264 0.0162748 0.0807543 0.780425 0.0620406 0.169061 0.361903 0.366966
0.369497 0.449382 0.0387966 0.092706 0.389038 0.0304245 0.0861171 0.837849 0.127781 0.116804 0.320285 0.0199155 0.0818071 0.806337 0.0650535 0.175899 0.366966 0.372028
0.374560 0.467495 0.0407724 0.0977299 0.405299 0.0316965 0.0900678 0.867891 0.134052 0.12238 0.333094 0.0251547 0.0846793 0.839117 0.0661255 0.185135 0.372028 0.377091
0.379622 0.485684 0.04224 0.101627 0.419906 0.0333761 0.092791 0.909131 0.127444 0.137338 0.345648 0.0254931 0.0875807 0.872885 0.0675785 0.195546 0.377091 0.382154
0.384685 0.503962 0.0434992 0.105401 0.43589 0.0340386 0.0970935 0.942187 0.130074 0.145612 0.359434 0.0260314 0.0910414 0.903585 0.0685788 0.198565 0.382154 0.387216
0.389747 0.524746 0.042776 0.11018 0.452301 0.0350696 0.102172 0.991111 0.125909 0.167524 0.373636 0.0258058 0.0945211 0.942566 0.0661522 0.208318 0.387216 0.392278
0.394810 0.542747 0.0436669 0.11446 0.469577 0.035198 0.106228 1.01379 0.124259 0.171406 0.388277 0.0256175 0.0985707 0.969859 0.0655801 0.215072 0.392278 0.397341
0.399872 0.566176 0.0442387 0.12006 0.489486 0.0354822 0.110858 1.05987 0.121679 0.179476 0.404889 0.0251839 0.103203 1.01214 0.0638131 0.231094 0.397341 0.402404
0.404935 0.588793 0.0481677 0.123608 0.508611 0.0357524 0.113937 1.10497 0.121844 0.192491 0.421174 0.0248273 0.106805 1.05226 0.0651863 0.242736 0.402404 0.407466
0.409997 0.61353 0.0477633 0.128488 0.530446 0.0355407 0.118446 1.14839 0.116644 0.208123 0.438653 0.024579 0.11013 1.09707 0.0645959 0.25525 0.407466 0.412529
0.415060 0.637452 0.0467901 0.134829 0.552926 0.0348018 0.122872 1.18159 0.11807 0.212093 0.457148 0.0251582 0.113649 1.13599 0.0655097 0.263855 0.412529 0.417591
0.420122 0.663546 0.0468466 0.143958 0.577178 0.0398417 0.128455 1.21954 0.111551 0.220859 0.476846 0.0261893 0.119618 1.17977 0.0591502 0.274569 0.417591 0.422653
0.425185 0.686546 0.051438 0.150213 0.598871 0.0429677 0.134002 1.25096 0.109403 0.227535 0.495152 0.0325271 0.122011 1.21575 0.0596218 0.284298 0.422653 0.427716
0.430247 0.714324 0.05281 0.158081 0.623889 0.0411298 0.138765 1.29651 0.112 0.2434 0.51715 0.0315365 0.12818 1.25951 0.0579082 0.297931 0.427716 0.432779
0.435310 0.743051 0.0546303 0.166522 0.652113 0.0430965 0.148152 1.32847 0.113533 0.248468 0.541036 0.0293543 0.135399 1.30162 0.0534351 0.310098 0.432779 0.437841
0.440372 0.769903 0.0529785 0.173706 0.678313 0.039903 0.156953 1.35952 0.106083 0.257121 0.56454 0.0299187 0.141831 1.33773 0.0505552 0.325561 0.437841 0.442903
0.445435 0.799113 0.0490746 0.182918 0.705657 0.0435047 0.163987 1.40074 0.104908 0.275318 0.590385 0.0288126 0.150333 1.37625 0.0445321 0.337583 0.442903 0.447966
0.450497 0.82499 0.048537 0.190925 0.731135 0.0445584 0.172306 1.42919 0.103648 0.279536 0.613497 0.0279336 0.15687 1.40977 0.0415671 0.344997 0.447966 0.453029
0.455560 0.857867 0.0456298 0.200443 0.762085 0.0425864 0.178043 1.47447 0.0966911 0.290608 0.640276 0.0313287 0.163007 1.45951 0.0326147 0.360711 0.453029 0.458091
0.460622 0.890411 0.0437357 0.210043 0.792186 0.0418636 0.184213 1.52274 0.0990731 0.316735 0.666393 0.0290982 0.172924 1.50982 0.0250961 0.380693 0.458091 0.463154
0.465685 0.922248 0.0430717 0.219107 0.824386 0.0413789 0.197661 1.55224 0.094842 0.316012 0.692974 0.027123 0.181068 1.55619 0.0242841 0.393809 0.463154 0.468216
0.470747 0.954099 0.0407438 0.22501 0.854745 0.0382556 0.205858 1.5937 0.104951 0.324581 0.721328 0.0267392 0.193166 1.59771 0.0232157 0.402018 0.468216 0.473278
0.475810 0.987456 0.0409656 0.232995 0.887718 0.0352793 0.216187 1.62953 0.0965574 0.336713 0.750995 0.0289037 0.202822 1.64127 0.0203036 0.417058 0.473278 0.478341
0.480872 1.01663 0.0383855 0.241729 0.917583 0.0325573 0.228179 1.65428 0.10409 0.337739 0.779888 0.0285546 0.210985 1.67124 0.0177993 0.427358 0.478341 0.483404
0.485935 1.04892 0.0359322 0.255717 0.951265 0.0320773 0.236117 1.67755 0.101486 0.345897 0.812392 0.024102 0.221004 1.70291 0.0190281 0.439986 0.483404 0.488466
0.490997 1.07872 0.0333447 0.266416 0.98486 0.0302377 0.24553 1.68294 0.104832 0.349324 0.846151 0.0205785 0.235625 1.72177 0.0196408 0.446729 0.488466 0.493528
0.496060 1.106 0.0317832 0.276135 1.01578 0.028536 0.255811 1.68684 0.103606 0.360001 0.877216 0.0176374 0.243347 1.7386 0.0240619 0.453066 0.493528 0.498591
0.501122 1.13366 0.0316997 0.285592 1.0459 0.0275555 0.266792 1.69869 0.103148 0.372153 0.905721 0.0180233 0.250566 1.76393 0.0260547 0.46388 0.498591 0.503654
0.506185 1.16295 0.0284356 0.295095 1.07792 0.0265088 0.274415 1.71037 0.101869 0.369932 0.936085 0.0179062 0.263457 1.79024 0.0276618 0.472249 0.503654 0.508716
0.511247 1.18966 0.024863 0.303542 1.10829 0.0256597 0.285259 1.71347 0.0864483 0.366909 0.965739 0.0182543 0.272869 1.8088 0.0243263 0.478016 0.508716 0.513778
0.516310 1.21453 0.0273193 0.309784 1.13771 0.0249199 0.294191 1.70912 0.0874013 0.372533 0.995686 0.0209318 0.27784 1.81965 0.02411 0.482613 0.513778 0.518841
0.521372 1.23844 0.029089 0.316114 1.1673 0.0249958 0.300756 1.69638 0.0946541 0.368138 1.02466 0.0226903 0.285277 1.82954 0.0271196 0.485167 0.518841 0.523903
0.526435 1.26057 0.0316752 0.321914 1.19442 0.0274736 0.309874 1.68642 0.0849698 0.37081 1.05568 0.0199882 0.294225 1.8271 0.0280346 0.480425 0.523903 0.528966
0.531497 1.28036 0.0336914 0.324548 1.21896 0.0269238 0.31832 1.67563 0.0833871 0.367553 1.08046 0.0208027 0.297474 1.83307 0.0306201 0.48113 0.528966 0.534029
0.536560 1.30175 0.0370941 0.330784 1.24576 0.0290641 0.319557 1.66217 0.0815723 0.366322 1.10708 0.0213979 0.30205 1.83999 0.0315597 0.485218 0.534029 0.539091
0.541622 1.3206 0.0403092 0.339403 1.27006 0.0346889 0.325959 1.64598 0.0876734 0.361449 1.12942 0.021735 0.302095 1.84923 0.0280163 0.48475 0.539091 0.544153
0.546685 1.33504 0.0388033 0.340715 1.28977 0.0407674 0.331827 1.62651 0.0865141 0.362094 1.15015 0.0225689 0.302709 1.84627 0.0419356 0.483159 0.544153 0.549216
0.551747 1.34637 0.0410087 0.343751 1.30796 0.0414939 0.336518 1.59371 0.0853019 0.358172 1.17048 0.0240833 0.306598 1.83272 0.0436678 0.47783 0.549216 0.554278
0.556810 1.35848 0.0428283 0.346755 1.32624 0.0422902 0.342392 1.56605 0.0947654 0.350669 1.19056 0.0286597 0.313263 1.82278 0.0502651 0.470743 0.554278 0.559341
0.561872 1.36664 0.047122 0.348028 1.34159 0.0458454 0.340324 1.52792 0.0975035 0.339965 1.20831 0.0336657 0.315563 1.80441 0.0590146 0.460862 0.559341 0.564404
0.566935 1.37543 0.05799 0.350398 1.35583 0.0560305 0.346842 1.50163 0.101851 0.335929 1.22461 0.0368174 0.317016 1.79246 0.0646901 0.453886 0.564404 0.569466
0.571997 1.37915 0.0588748 0.351864 1.36697 0.0624105 0.350723 1.45761 0.112236 0.318418 1.23769 0.0417982 0.318045 1.77031 0.0811197 0.442957 0.569466 0.574528
0.577060 1.37917 0.0637996 0.352955 1.37462 0.0622587 0.354882 1.40849 0.106292 0.308218 1.24728 0.045355 0.318658 1.74387 0.0879562 0.42796 0.574528 0.579592
0.582123 1.38313 0.0684372 0.351551 1.38538 0.0687447 0.354699 1.36868 0.112786 0.296924 1.25995 0.0533137 0.320272 1.72373 0.0975034 0.416006 0.579592 0.584654
0.587185 1.38296 0.074497 0.347663 1.39247 0.0710088 0.357453 1.3217 0.115784 0.289137 1.26873 0.0619537 0.322767 1.69878 0.102635 0.408266 0.584654 0.589717
0.592248 1.38291 0.0832996 0.344413 1.39976 0.0784107 0.358479 1.27441 0.120838 0.279932 1.27744 0.0702852 0.326692 1.67452 0.111612 0.39556 0.589717 0.594779
0.597310 1.38047 0.0903989 0.343202 1.40681 0.0880349 0.357825 1.21091 0.120886 0.267781 1.28492 0.0750154 0.329234 1.64467 0.123813 0.38755 0.594779 0.599841
0.602373 1.37899 0.0968031 0.343997 1.41641 0.0964392 0.35536 1.13807 0.115383 0.250497 1.2905 0.0779406 0.331023 1.62365 0.126812 0.384085 0.599841 0.604904
0.607435 1.37294 0.100144 0.336278 1.42118 0.105414 0.352615 1.06238 0.109447 0.234937 1.29171 0.085407 0.331211 1.59754 0.132155 0.376133 0.604904 0.609967
0.612498 1.36752 0.108772 0.330586 1.42644 0.111105 0.347613 0.988236 0.103655 0.220703 1.29332 0.092767 0.328314 1.5727 0.135497 0.370605 0.609967 0.615029
0.617560 1.35754 0.114609 0.325122 1.42615 0.115548 0.34361 0.91586 0.098393 0.198265 1.2915 0.100284 0.321899 1.54015 0.135036 0.362146 0.615029 0.620092
0.622623 1.34897 0.117661 0.320613 1.42724 0.121695 0.341643 0.845116 0.0955287 0.177623 1.29015 0.109501 0.320843 1.51161 0.137913 0.350043 0.620092 0.625154
0.627685 1.33638 0.123506 0.312214 1.42396 0.129698 0.34309 0.772574 0.0869281 0.166002 1.28745 0.117019 0.317233 1.47167 0.13605 0.345797 0.625154 0.630216
0.632748 1.32607 0.130635 0.306456 1.42314 0.135298 0.337685 0.701211 0.0810509 0.151606 1.28462 0.121772 0.310575 1.44069 0.14299 0.341995 0.630216 0.635279
0.637810 1.31267 0.135884 0.299235 1.41888 0.141989 0.332282 0.628939 0.0757607 0.136437 1.27836 0.128272 0.306894 1.40753 0.140113 0.339466 0.635279 0.640342
0.642873 1.29918 0.140977 0.297242 1.41394 0.151637 0.32904 0.560344 0.0700104 0.123089 1.27161 0.134416 0.29666 1.37541 0.135561 0.335216 0.640342 0.645404
0.647935 1.28257 0.145923 0.290559 1.40631 0.161023 0.325962 0.485959 0.0622151 0.105214 1.26189 0.139922 0.286215 1.33975 0.131838 0.323721 0.645404 0.650466
0.652998 1.27111 0.149679 0.282556 1.40418 0.169294 0.325739 0.414489 0.0518343 0.0918527 1.25939 0.146712 0.279486 1.30353 0.127045 0.319153 0.650466 0.655529
0.658060 1.25946 0.152524 0.275539 1.40175 0.177542 0.32372 0.343456 0.045721 0.0733919 1.25265 0.152205 0.278371 1.27828 0.126199 0.316659 0.655529 0.660591
0.663123 1.24236 0.153993 0.270704 1.39384 0.184283 0.316361 0.267211 0.0349304 0.0569387 1.24196 0.156591 0.276792 1.24348 0.124412 0.30477 0.660591 0.665654
0.668185 1.22786 0.155434 0.266043 1.38929 0.190126 0.309482 0.188615 0.026813 0.0372407 1.23358 0.166148 0.274971 1.21203 0.121675 0.293809 0.665654 0.670717
0.673248 1.20852 0.154659 0.260409 1.37969 0.191787 0.302713 0.106583 0.0143194 0.0214655 1.22106 0.171243 0.270538 1.17382 0.118469 0.281799 0.670717 0.675779
0.678310 1.19344 0.155759 0.25651 1.37729 0.193133 0.299719 0.00991044 0.000661804 0.00198709 1.21081 0.176803 0.268144 1.14544 0.115714 0.277765 0.675779 0.680841
0.684006 0 0 0 0 0 0 0 0 0 0 0 0 0 0 0 0.680841 0.687170
0.690967 0 0 0 0 0 0 0 0 0 0 0 0 0 0 0 0.687170 0.694764
0.698560 0 0 0 0 0 0 0 0 0 0 0 0 0 0 0 0.694764 0.702357
0.706154 0 0 0 0 0 0 0 0 0 0 0 0 0 0 0 0.702357 0.709951
0.713748 0 0 0 0 0 0 0 0 0 0 0 0 0 0 0 0.709951 0.717545
0.721342 0 0 0 0 0 0 0 0 0 0 0 0 0 0 0 0.717545 0.725139
0.728935 0 0 0 0 0 0 0 0 0 0 0 0 0 0 0 0.725139 0.732732
0.736529 0 0 0 0 0 0 0 0 0 0 0 0 0 0 0 0.732732 0.740326
0.744123 0 0 0 0 0 0 0 0 0 0 0 0 0 0 0 0.740326 0.747920
0.751717 0 0 0 0 0 0 0 0 0 0 0 0 0 0 0 0.747920 0.755513
0.759310 0 0 0 0 0 0 0 0 0 0 0 0 0 0 0 0.755513 0.763107
0.766904 0 0 0 0 0 0 0 0 0 0 0 0 0 0 0 0.763107 0.770701
0.774498 0 0 0 0 0 0 0 0 0 0 0 0 0 0 0 0.770701 0.778295
0.782092 0 0 0 0 0 0 0 0 0 0 0 0 0 0 0 0.778295 0.785888
0.789685 0 0 0 0 0 0 0 0 0 0 0 0 0 0 0 0.785888 0.793482
0.797279 0 0 0 0 0 0 0 0 0 0 0 0 0 0 0 0.793482 0.801076
0.804873 0 0 0 0 0 0 0 0 0 0 0 0 0 0 0 0.801076 0.808670
0.812467 0 0 0 0 0 0 0 0 0 0 0 0 0 0 0 0.808670 0.816263
0.820060 0 0 0 0 0 0 0 0 0 0 0 0 0 0 0 0.816263 0.823857
0.827654 0 0 0 0 0 0 0 0 0 0 0 0 0 0 0 0.823857 0.831451
0.835248 0 0 0 0 0 0 0 0 0 0 0 0 0 0 0 0.831451 0.839045
0.842842 0 0 0 0 0 0 0 0 0 0 0 0 0 0 0 0.839045 0.846639
0.850435 0 0 0 0 0 0 0 0 0 0 0 0 0 0 0 0.846639 0.854232
0.858029 0 0 0 0 0 0 0 0 0 0 0 0 0 0 0 0.854232 0.861826
0.865623 0 0 0 0 0 0 0 0 0 0 0 0 0 0 0 0.861826 0.869420
0.873217 0 0 0 0 0 0 0 0 0 0 0 0 0 0 0 0.869420 0.877014
0.880810 0 0 0 0 0 0 0 0 0 0 0 0 0 0 0 0.877014 0.884607
0.888404 0 0 0 0 0 0 0 0 0 0 0 0 0 0 0 0.884607 0.892201
0.895998 0 0 0 0 0 0 0 0 0 0 0 0 0 0 0 0.892201 0.899795
0.903592 0 0 0 0 0 0 0 0 0 0 0 0 0 0 0 0.899795 0.907389
0.911185 0 0 0 0 0 0 0 0 0 0 0 0 0 0 0 0.907389 0.914982
0.918779 0 0 0 0 0 0 0 0 0 0 0 0 0 0 0 0.914982 0.922576
0.926373 0 0 0 0 0 0 0 0 0 0 0 0 0 0 0 0.922576 0.930170
0.933967 0 0 0 0 0 0 0 0 0 0 0 0 0 0 0 0.930170 0.937763
0.941560 0 0 0 0 0 0 0 0 0 0 0 0 0 0 0 0.937763 0.945357
0.949154 0 0 0 0 0 0 0 0 0 0 0 0 0 0 0 0.945357 0.952951
0.956748 0 0 0 0 0 0 0 0 0 0 0 0 0 0 0 0.952951 0.960545
0.964342 0 0 0 0 0 0 0 0 0 0 0 0 0 0 0 0.960545 0.968138
0.971935 0 0 0 0 0 0 0 0 0 0 0 0 0 0 0 0.968138 0.975732
0.979529 0 0 0 0 0 0 0 0 0 0 0 0 0 0 0 0.975732 0.983326
0.987123 0 0 0 0 0 0 0 0 0 0 0 0 0 0 0 0.983326 0.990920
0.994717 0 0 0 0 0 0 0 0 0 0 0 0 0 0 0 0.990920 0.998514
1.000412 0 0 0 0 0 0 0 0 0 0 0 0 0 0 0 0.998514 1.002310
