#Peak halo mass range: 8.875 < log10(Mh/Msun) < 9.125
#Quenched threshold: True SFR / True SM < 1e-11 / yr
#True SFHs in units of Msun/yr.
#See documentation for explanation of true vs. observed SFRs and SMs.
#Bestfit halos in bin: 488531
#Bestfit SF halos in bin: 488531
#Bestfit Q halos in bin: 0
#Bestfit central halos in bin: 483149
#Bestfit satellite halos in bin: 5382
#Avg_scale_factor <SFH_all> Err+ Err- <SFH_SF> Err+ Err- <SFH_Q> Err+ Err- <SFH_Cen> Err+ Err- <SFH_Sat> Err+ Err- Scale_factor_begin Scale_factor_end
0.028936 0 0 0 0 0 0 0 0 0 0 0 0 0 0 0 0.000000 0.057873
0.059561 0 0 0 0 0 0 0 0 0 0 0 0 0 0 0 0.057873 0.061248
0.062373 0 0 0 0 0 0 0 0 0 0 0 0 0 0 0 0.061248 0.063498
0.064623 0 0 0 0 0 0 0 0 0 0 0 0 0 0 0 0.063498 0.065748
0.066873 0 0 0 0 0 0 0 0 0 0 0 0 0 0 0 0.065748 0.067998
0.069123 0 0 0 0 0 0 0 0 0 0 0 0 0 0 0 0.067998 0.070248
0.071373 0 0 0 0 0 0 0 0 0 0 0 0 0 0 0 0.070248 0.072498
0.073623 0 0 0 0 0 0 0 0 0 0 0 0 0 0 0 0.072498 0.074748
0.075873 0 0 0 0 0 0 0 0 0 0 0 0 0 0 0 0.074748 0.076998
0.078123 0 0 0 0 0 0 0 0 0 0 0 0 0 0 0 0.076998 0.079248
0.080373 0 0 0 0 0 0 0 0 0 0 0 0 0 0 0 0.079248 0.081498
0.082904 1.65695e-08 2.83818e-08 1.12696e-08 1.65695e-08 2.65864e-08 1.14848e-08 0 0 0 1.67541e-08 2.86981e-08 1.13952e-08 0 0 0 0.081498 0.084311
0.085998 9.08813e-09 1.66802e-08 6.30706e-09 9.08813e-09 1.31976e-08 6.61988e-09 0 0 0 9.18937e-09 1.6866e-08 6.37732e-09 0 0 0 0.084311 0.087685
0.089373 2.42205e-08 4.37854e-08 1.48009e-08 2.42205e-08 3.66376e-08 1.59253e-08 0 0 0 2.44903e-08 4.42732e-08 1.49658e-08 0 0 0 0.087685 0.091061
0.092748 2.02644e-08 2.81206e-08 1.21244e-08 2.02644e-08 2.62323e-08 1.29506e-08 0 0 0 2.04901e-08 2.84339e-08 1.22595e-08 0 0 0 0.091061 0.094435
0.096123 6.16095e-08 8.12426e-08 3.53297e-08 6.16095e-08 7.82202e-08 3.56391e-08 0 0 0 6.22958e-08 8.21478e-08 3.57232e-08 0 0 0 0.094435 0.097811
0.099498 1.04426e-07 1.74221e-07 6.09413e-08 1.04426e-07 1.67699e-07 6.09413e-08 0 0 0 9.70899e-08 1.62941e-07 5.65351e-08 7.62997e-07 1.20697e-06 4.56142e-07 0.097811 0.101186
0.102873 3.26101e-07 5.41722e-07 1.67743e-07 3.26101e-07 4.80108e-07 1.67743e-07 0 0 0 3.21148e-07 5.33962e-07 1.64836e-07 7.70736e-07 1.16585e-06 4.2673e-07 0.101186 0.104560
0.106248 6.5128e-07 9.5571e-07 3.22142e-07 6.5128e-07 8.5175e-07 3.22142e-07 0 0 0 6.36423e-07 9.32962e-07 3.14185e-07 1.985e-06 2.88037e-06 1.03652e-06 0.104560 0.107936
0.109623 1.25151e-06 1.59266e-06 5.65367e-07 1.25151e-06 1.59266e-06 5.82308e-07 0 0 0 1.21657e-06 1.54321e-06 5.52553e-07 4.38778e-06 5.96869e-06 2.08582e-06 0.107936 0.111310
0.112998 1.93933e-06 2.38849e-06 8.4403e-07 1.93933e-06 2.32836e-06 8.44942e-07 0 0 0 1.8859e-06 2.32252e-06 8.20558e-07 6.73574e-06 8.1212e-06 2.8237e-06 0.111310 0.114686
0.116373 3.55534e-06 4.19381e-06 1.42133e-06 3.55534e-06 4.15249e-06 1.48447e-06 0 0 0 3.48197e-06 4.09905e-06 1.39263e-06 1.0142e-05 1.15992e-05 4.09416e-06 0.114686 0.118060
0.119748 6.60377e-06 7.54555e-06 2.44468e-06 6.60377e-06 7.54555e-06 2.69434e-06 0 0 0 6.46786e-06 7.38146e-06 2.39821e-06 1.88041e-05 2.22719e-05 6.80068e-06 0.118060 0.121435
0.123123 9.95022e-06 1.04215e-05 3.64705e-06 9.95022e-06 1.04215e-05 3.94559e-06 0 0 0 9.73403e-06 1.02039e-05 3.56015e-06 2.9358e-05 3.09635e-05 1.11868e-05 0.121435 0.124811
0.126498 1.45385e-05 1.47853e-05 5.10901e-06 1.45385e-05 1.47853e-05 5.12319e-06 0 0 0 1.42633e-05 1.45113e-05 5.01063e-06 3.924e-05 3.93758e-05 1.39429e-05 0.124811 0.128185
0.129873 2.09183e-05 2.01761e-05 7.20289e-06 2.09183e-05 2.01761e-05 7.44526e-06 0 0 0 2.05213e-05 1.97921e-05 7.06497e-06 5.6553e-05 5.46395e-05 1.95868e-05 0.128185 0.131561
0.133248 3.0499e-05 2.7869e-05 1.01406e-05 3.0499e-05 2.7869e-05 1.08128e-05 0 0 0 2.99251e-05 2.73533e-05 9.95155e-06 8.20186e-05 7.41524e-05 2.71128e-05 0.131561 0.134935
0.137045 4.37071e-05 3.95886e-05 1.4145e-05 4.37071e-05 3.95886e-05 1.45858e-05 0 0 0 4.29578e-05 3.89161e-05 1.39062e-05 0.000110972 9.99457e-05 3.55848e-05 0.134935 0.139154
0.141685 6.57977e-05 5.69367e-05 1.99109e-05 6.57977e-05 5.69367e-05 2.19985e-05 0 0 0 6.49264e-05 5.61846e-05 1.96493e-05 0.000144012 0.000124426 4.3399e-05 0.139154 0.144217
0.146748 9.46648e-05 7.56214e-05 2.76728e-05 9.46648e-05 7.55874e-05 2.85983e-05 0 0 0 9.38034e-05 7.49529e-05 2.74173e-05 0.000171997 0.000135614 5.06136e-05 0.144217 0.149279
0.151810 0.000138298 0.000110265 4.30141e-05 0.000138298 0.000110265 4.28701e-05 0 0 0 0.00013755 0.00010969 4.27849e-05 0.000205504 0.000161895 6.35985e-05 0.149279 0.154342
0.156873 0.000203462 0.000157908 6.27744e-05 0.000203462 0.000157908 5.84194e-05 0 0 0 0.000202965 0.000157502 6.26134e-05 0.000248136 0.000190735 7.7223e-05 0.154342 0.159404
0.161935 0.00030653 0.000228052 9.27565e-05 0.00030653 0.000228052 8.04537e-05 0 0 0 0.000306509 0.00022804 9.27491e-05 0.000308404 0.00022911 9.42122e-05 0.159404 0.164467
0.166998 0 0 0 0 0 0 0 0 0 0 0 0 0 0 0 0.164467 0.169529
0.172060 0 0 0 0 0 0 0 0 0 0 0 0 0 0 0 0.169529 0.174591
0.177123 0 0 0 0 0 0 0 0 0 0 0 0 0 0 0 0.174591 0.179654
0.182185 0 0 0 0 0 0 0 0 0 0 0 0 0 0 0 0.179654 0.184716
0.187248 0 0 0 0 0 0 0 0 0 0 0 0 0 0 0 0.184716 0.189779
0.192310 0 0 0 0 0 0 0 0 0 0 0 0 0 0 0 0.189779 0.194842
0.197373 0 0 0 0 0 0 0 0 0 0 0 0 0 0 0 0.194842 0.199904
0.202435 0 0 0 0 0 0 0 0 0 0 0 0 0 0 0 0.199904 0.204967
0.207498 0 0 0 0 0 0 0 0 0 0 0 0 0 0 0 0.204967 0.210029
0.212560 0 0 0 0 0 0 0 0 0 0 0 0 0 0 0 0.210029 0.215091
0.217623 0 0 0 0 0 0 0 0 0 0 0 0 0 0 0 0.215091 0.220154
0.222685 0 0 0 0 0 0 0 0 0 0 0 0 0 0 0 0.220154 0.225217
0.227748 0 0 0 0 0 0 0 0 0 0 0 0 0 0 0 0.225217 0.230279
0.232810 0 0 0 0 0 0 0 0 0 0 0 0 0 0 0 0.230279 0.235342
0.237873 0 0 0 0 0 0 0 0 0 0 0 0 0 0 0 0.235342 0.240404
0.242935 0 0 0 0 0 0 0 0 0 0 0 0 0 0 0 0.240404 0.245467
0.247998 0 0 0 0 0 0 0 0 0 0 0 0 0 0 0 0.245467 0.250529
0.253060 0 0 0 0 0 0 0 0 0 0 0 0 0 0 0 0.250529 0.255592
0.258123 0 0 0 0 0 0 0 0 0 0 0 0 0 0 0 0.255592 0.260654
0.263185 0 0 0 0 0 0 0 0 0 0 0 0 0 0 0 0.260654 0.265716
0.268248 0 0 0 0 0 0 0 0 0 0 0 0 0 0 0 0.265716 0.270779
0.273310 0 0 0 0 0 0 0 0 0 0 0 0 0 0 0 0.270779 0.275842
0.278373 0 0 0 0 0 0 0 0 0 0 0 0 0 0 0 0.275842 0.280904
0.283435 0 0 0 0 0 0 0 0 0 0 0 0 0 0 0 0.280904 0.285967
0.288498 0 0 0 0 0 0 0 0 0 0 0 0 0 0 0 0.285967 0.291029
0.293560 0 0 0 0 0 0 0 0 0 0 0 0 0 0 0 0.291029 0.296091
0.298623 0 0 0 0 0 0 0 0 0 0 0 0 0 0 0 0.296091 0.301154
0.303685 0 0 0 0 0 0 0 0 0 0 0 0 0 0 0 0.301154 0.306217
0.308748 0 0 0 0 0 0 0 0 0 0 0 0 0 0 0 0.306217 0.311279
0.313810 0 0 0 0 0 0 0 0 0 0 0 0 0 0 0 0.311279 0.316341
0.318873 0 0 0 0 0 0 0 0 0 0 0 0 0 0 0 0.316341 0.321404
0.323935 0 0 0 0 0 0 0 0 0 0 0 0 0 0 0 0.321404 0.326466
0.328997 0 0 0 0 0 0 0 0 0 0 0 0 0 0 0 0.326466 0.331528
0.334060 0 0 0 0 0 0 0 0 0 0 0 0 0 0 0 0.331528 0.336591
0.339122 0 0 0 0 0 0 0 0 0 0 0 0 0 0 0 0.336591 0.341653
0.344185 0 0 0 0 0 0 0 0 0 0 0 0 0 0 0 0.341653 0.346716
0.349247 0 0 0 0 0 0 0 0 0 0 0 0 0 0 0 0.346716 0.351779
0.354310 0 0 0 0 0 0 0 0 0 0 0 0 0 0 0 0.351779 0.356841
0.359372 0 0 0 0 0 0 0 0 0 0 0 0 0 0 0 0.356841 0.361903
0.364435 0 0 0 0 0 0 0 0 0 0 0 0 0 0 0 0.361903 0.366966
0.369497 0 0 0 0 0 0 0 0 0 0 0 0 0 0 0 0.366966 0.372028
0.374560 0 0 0 0 0 0 0 0 0 0 0 0 0 0 0 0.372028 0.377091
0.379622 0 0 0 0 0 0 0 0 0 0 0 0 0 0 0 0.377091 0.382154
0.384685 0 0 0 0 0 0 0 0 0 0 0 0 0 0 0 0.382154 0.387216
0.389747 0 0 0 0 0 0 0 0 0 0 0 0 0 0 0 0.387216 0.392278
0.394810 0 0 0 0 0 0 0 0 0 0 0 0 0 0 0 0.392278 0.397341
0.399872 0 0 0 0 0 0 0 0 0 0 0 0 0 0 0 0.397341 0.402404
0.404935 0 0 0 0 0 0 0 0 0 0 0 0 0 0 0 0.402404 0.407466
0.409997 0 0 0 0 0 0 0 0 0 0 0 0 0 0 0 0.407466 0.412529
0.415060 0 0 0 0 0 0 0 0 0 0 0 0 0 0 0 0.412529 0.417591
0.420122 0 0 0 0 0 0 0 0 0 0 0 0 0 0 0 0.417591 0.422653
0.425185 0 0 0 0 0 0 0 0 0 0 0 0 0 0 0 0.422653 0.427716
0.430247 0 0 0 0 0 0 0 0 0 0 0 0 0 0 0 0.427716 0.432779
0.435310 0 0 0 0 0 0 0 0 0 0 0 0 0 0 0 0.432779 0.437841
0.440372 0 0 0 0 0 0 0 0 0 0 0 0 0 0 0 0.437841 0.442903
0.445435 0 0 0 0 0 0 0 0 0 0 0 0 0 0 0 0.442903 0.447966
0.450497 0 0 0 0 0 0 0 0 0 0 0 0 0 0 0 0.447966 0.453029
0.455560 0 0 0 0 0 0 0 0 0 0 0 0 0 0 0 0.453029 0.458091
0.460622 0 0 0 0 0 0 0 0 0 0 0 0 0 0 0 0.458091 0.463154
0.465685 0 0 0 0 0 0 0 0 0 0 0 0 0 0 0 0.463154 0.468216
0.470747 0 0 0 0 0 0 0 0 0 0 0 0 0 0 0 0.468216 0.473278
0.475810 0 0 0 0 0 0 0 0 0 0 0 0 0 0 0 0.473278 0.478341
0.480872 0 0 0 0 0 0 0 0 0 0 0 0 0 0 0 0.478341 0.483404
0.485935 0 0 0 0 0 0 0 0 0 0 0 0 0 0 0 0.483404 0.488466
0.490997 0 0 0 0 0 0 0 0 0 0 0 0 0 0 0 0.488466 0.493528
0.496060 0 0 0 0 0 0 0 0 0 0 0 0 0 0 0 0.493528 0.498591
0.501122 0 0 0 0 0 0 0 0 0 0 0 0 0 0 0 0.498591 0.503654
0.506185 0 0 0 0 0 0 0 0 0 0 0 0 0 0 0 0.503654 0.508716
0.511247 0 0 0 0 0 0 0 0 0 0 0 0 0 0 0 0.508716 0.513778
0.516310 0 0 0 0 0 0 0 0 0 0 0 0 0 0 0 0.513778 0.518841
0.521372 0 0 0 0 0 0 0 0 0 0 0 0 0 0 0 0.518841 0.523903
0.526435 0 0 0 0 0 0 0 0 0 0 0 0 0 0 0 0.523903 0.528966
0.531497 0 0 0 0 0 0 0 0 0 0 0 0 0 0 0 0.528966 0.534029
0.536560 0 0 0 0 0 0 0 0 0 0 0 0 0 0 0 0.534029 0.539091
0.541622 0 0 0 0 0 0 0 0 0 0 0 0 0 0 0 0.539091 0.544153
0.546685 0 0 0 0 0 0 0 0 0 0 0 0 0 0 0 0.544153 0.549216
0.551747 0 0 0 0 0 0 0 0 0 0 0 0 0 0 0 0.549216 0.554278
0.556810 0 0 0 0 0 0 0 0 0 0 0 0 0 0 0 0.554278 0.559341
0.561872 0 0 0 0 0 0 0 0 0 0 0 0 0 0 0 0.559341 0.564404
0.566935 0 0 0 0 0 0 0 0 0 0 0 0 0 0 0 0.564404 0.569466
0.571997 0 0 0 0 0 0 0 0 0 0 0 0 0 0 0 0.569466 0.574528
0.577060 0 0 0 0 0 0 0 0 0 0 0 0 0 0 0 0.574528 0.579592
0.582123 0 0 0 0 0 0 0 0 0 0 0 0 0 0 0 0.579592 0.584654
0.587185 0 0 0 0 0 0 0 0 0 0 0 0 0 0 0 0.584654 0.589717
0.592248 0 0 0 0 0 0 0 0 0 0 0 0 0 0 0 0.589717 0.594779
0.597310 0 0 0 0 0 0 0 0 0 0 0 0 0 0 0 0.594779 0.599841
0.602373 0 0 0 0 0 0 0 0 0 0 0 0 0 0 0 0.599841 0.604904
0.607435 0 0 0 0 0 0 0 0 0 0 0 0 0 0 0 0.604904 0.609967
0.612498 0 0 0 0 0 0 0 0 0 0 0 0 0 0 0 0.609967 0.615029
0.617560 0 0 0 0 0 0 0 0 0 0 0 0 0 0 0 0.615029 0.620092
0.622623 0 0 0 0 0 0 0 0 0 0 0 0 0 0 0 0.620092 0.625154
0.627685 0 0 0 0 0 0 0 0 0 0 0 0 0 0 0 0.625154 0.630216
0.632748 0 0 0 0 0 0 0 0 0 0 0 0 0 0 0 0.630216 0.635279
0.637810 0 0 0 0 0 0 0 0 0 0 0 0 0 0 0 0.635279 0.640342
0.642873 0 0 0 0 0 0 0 0 0 0 0 0 0 0 0 0.640342 0.645404
0.647935 0 0 0 0 0 0 0 0 0 0 0 0 0 0 0 0.645404 0.650466
0.652998 0 0 0 0 0 0 0 0 0 0 0 0 0 0 0 0.650466 0.655529
0.658060 0 0 0 0 0 0 0 0 0 0 0 0 0 0 0 0.655529 0.660591
0.663123 0 0 0 0 0 0 0 0 0 0 0 0 0 0 0 0.660591 0.665654
0.668185 0 0 0 0 0 0 0 0 0 0 0 0 0 0 0 0.665654 0.670717
0.673248 0 0 0 0 0 0 0 0 0 0 0 0 0 0 0 0.670717 0.675779
0.678310 0 0 0 0 0 0 0 0 0 0 0 0 0 0 0 0.675779 0.680841
0.684006 0 0 0 0 0 0 0 0 0 0 0 0 0 0 0 0.680841 0.687170
0.690967 0 0 0 0 0 0 0 0 0 0 0 0 0 0 0 0.687170 0.694764
0.698560 0 0 0 0 0 0 0 0 0 0 0 0 0 0 0 0.694764 0.702357
0.706154 0 0 0 0 0 0 0 0 0 0 0 0 0 0 0 0.702357 0.709951
0.713748 0 0 0 0 0 0 0 0 0 0 0 0 0 0 0 0.709951 0.717545
0.721342 0 0 0 0 0 0 0 0 0 0 0 0 0 0 0 0.717545 0.725139
0.728935 0 0 0 0 0 0 0 0 0 0 0 0 0 0 0 0.725139 0.732732
0.736529 0 0 0 0 0 0 0 0 0 0 0 0 0 0 0 0.732732 0.740326
0.744123 0 0 0 0 0 0 0 0 0 0 0 0 0 0 0 0.740326 0.747920
0.751717 0 0 0 0 0 0 0 0 0 0 0 0 0 0 0 0.747920 0.755513
0.759310 0 0 0 0 0 0 0 0 0 0 0 0 0 0 0 0.755513 0.763107
0.766904 0 0 0 0 0 0 0 0 0 0 0 0 0 0 0 0.763107 0.770701
0.774498 0 0 0 0 0 0 0 0 0 0 0 0 0 0 0 0.770701 0.778295
0.782092 0 0 0 0 0 0 0 0 0 0 0 0 0 0 0 0.778295 0.785888
0.789685 0 0 0 0 0 0 0 0 0 0 0 0 0 0 0 0.785888 0.793482
0.797279 0 0 0 0 0 0 0 0 0 0 0 0 0 0 0 0.793482 0.801076
0.804873 0 0 0 0 0 0 0 0 0 0 0 0 0 0 0 0.801076 0.808670
0.812467 0 0 0 0 0 0 0 0 0 0 0 0 0 0 0 0.808670 0.816263
0.820060 0 0 0 0 0 0 0 0 0 0 0 0 0 0 0 0.816263 0.823857
0.827654 0 0 0 0 0 0 0 0 0 0 0 0 0 0 0 0.823857 0.831451
0.835248 0 0 0 0 0 0 0 0 0 0 0 0 0 0 0 0.831451 0.839045
0.842842 0 0 0 0 0 0 0 0 0 0 0 0 0 0 0 0.839045 0.846639
0.850435 0 0 0 0 0 0 0 0 0 0 0 0 0 0 0 0.846639 0.854232
0.858029 0 0 0 0 0 0 0 0 0 0 0 0 0 0 0 0.854232 0.861826
0.865623 0 0 0 0 0 0 0 0 0 0 0 0 0 0 0 0.861826 0.869420
0.873217 0 0 0 0 0 0 0 0 0 0 0 0 0 0 0 0.869420 0.877014
0.880810 0 0 0 0 0 0 0 0 0 0 0 0 0 0 0 0.877014 0.884607
0.888404 0 0 0 0 0 0 0 0 0 0 0 0 0 0 0 0.884607 0.892201
0.895998 0 0 0 0 0 0 0 0 0 0 0 0 0 0 0 0.892201 0.899795
0.903592 0 0 0 0 0 0 0 0 0 0 0 0 0 0 0 0.899795 0.907389
0.911185 0 0 0 0 0 0 0 0 0 0 0 0 0 0 0 0.907389 0.914982
0.918779 0 0 0 0 0 0 0 0 0 0 0 0 0 0 0 0.914982 0.922576
0.926373 0 0 0 0 0 0 0 0 0 0 0 0 0 0 0 0.922576 0.930170
0.933967 0 0 0 0 0 0 0 0 0 0 0 0 0 0 0 0.930170 0.937763
0.941560 0 0 0 0 0 0 0 0 0 0 0 0 0 0 0 0.937763 0.945357
0.949154 0 0 0 0 0 0 0 0 0 0 0 0 0 0 0 0.945357 0.952951
0.956748 0 0 0 0 0 0 0 0 0 0 0 0 0 0 0 0.952951 0.960545
0.964342 0 0 0 0 0 0 0 0 0 0 0 0 0 0 0 0.960545 0.968138
0.971935 0 0 0 0 0 0 0 0 0 0 0 0 0 0 0 0.968138 0.975732
0.979529 0 0 0 0 0 0 0 0 0 0 0 0 0 0 0 0.975732 0.983326
0.987123 0 0 0 0 0 0 0 0 0 0 0 0 0 0 0 0.983326 0.990920
0.994717 0 0 0 0 0 0 0 0 0 0 0 0 0 0 0 0.990920 0.998514
1.000412 0 0 0 0 0 0 0 0 0 0 0 0 0 0 0 0.998514 1.002310
