#Peak halo mass range: 13.125 < log10(Mh/Msun) < 13.375
#Quenched threshold: True SFR / True SM < 1e-11 / yr
#True SFHs in units of Msun/yr.
#See documentation for explanation of true vs. observed SFRs and SMs.
#Bestfit halos in bin: 4517
#Bestfit SF halos in bin: 509
#Bestfit Q halos in bin: 4008
#Bestfit central halos in bin: 3612
#Bestfit satellite halos in bin: 905
#Avg_scale_factor <SFH_all> Err+ Err- <SFH_SF> Err+ Err- <SFH_Q> Err+ Err- <SFH_Cen> Err+ Err- <SFH_Sat> Err+ Err- Scale_factor_begin Scale_factor_end
0.028936 8.09766e-07 0.00103689 8.09711e-07 3.5719e-11 0.00141169 3.5719e-11 9.12598e-07 0.000916166 9.12539e-07 9.61439e-07 0.000792227 9.6138e-07 2.04414e-07 0.00212021 2.04386e-07 0.000000 0.057873
0.059561 0.000928447 0.00995435 0.000905673 0.000635873 0.0123811 0.000624212 0.000965603 0.00967871 0.000941708 0.000914858 0.00816915 0.000891982 0.000982681 0.0188861 0.000971903 0.057873 0.061248
0.062373 0.00643047 0.0200651 0.00625027 0.00392096 0.0368216 0.00368386 0.00674917 0.0157068 0.00656807 0.00608984 0.0144389 0.00591632 0.00778996 0.0311661 0.00746308 0.061248 0.063498
0.064623 0.0183417 0.0457852 0.0168062 0.017812 0.0468347 0.0165832 0.0184089 0.0432304 0.0169176 0.0173 0.0468273 0.0157287 0.0224991 0.0379575 0.0209121 0.063498 0.065748
0.066873 0.0455369 0.0641664 0.039882 0.0434641 0.0645191 0.0388843 0.0458002 0.0642452 0.0401488 0.0421202 0.0604648 0.0369494 0.0591738 0.0720606 0.0522994 0.065748 0.067998
0.069123 0.0910489 0.0546557 0.0764082 0.0845694 0.0702541 0.0717373 0.0918718 0.0542859 0.0771878 0.084064 0.0499744 0.0707187 0.118927 0.0854569 0.10102 0.067998 0.070248
0.071373 0.144817 0.0652187 0.111717 0.122932 0.0790391 0.0921885 0.147596 0.0663352 0.114514 0.13292 0.0656438 0.101493 0.1923 0.069929 0.154854 0.070248 0.072498
0.073623 0.215515 0.130534 0.146931 0.187884 0.22258 0.115237 0.219024 0.0957474 0.152241 0.19988 0.131651 0.132207 0.277919 0.0975594 0.202158 0.072498 0.074748
0.075873 0.309027 0.126665 0.185892 0.255239 0.207687 0.141027 0.315858 0.110015 0.194068 0.296298 0.12768 0.177303 0.359831 0.12528 0.225402 0.074748 0.076998
0.078123 0.418679 0.1571 0.236953 0.396046 0.191678 0.207299 0.421553 0.155275 0.242029 0.405207 0.157268 0.22819 0.472449 0.163411 0.272808 0.076998 0.079248
0.080373 0.526488 0.200965 0.280137 0.497811 0.223416 0.254357 0.53013 0.202699 0.28517 0.511903 0.197845 0.272105 0.584701 0.213976 0.313883 0.079248 0.081498
0.082904 0.611591 0.223216 0.300346 0.601651 0.200861 0.284438 0.612854 0.227692 0.304676 0.589398 0.208586 0.291225 0.70017 0.255867 0.347953 0.081498 0.084311
0.085998 0.863637 0.287016 0.384332 0.841291 0.30197 0.359547 0.866476 0.297858 0.383507 0.842605 0.28723 0.380654 0.947582 0.320807 0.413441 0.084311 0.087685
0.089373 1.11203 0.358511 0.433662 1.14465 0.33555 0.423583 1.10789 0.373822 0.444448 1.08395 0.36496 0.435018 1.22408 0.362601 0.496476 0.087685 0.091061
0.092748 1.40049 0.390198 0.497202 1.3159 0.335287 0.477023 1.41123 0.39958 0.503817 1.33383 0.413803 0.471883 1.66654 0.391 0.598356 0.091061 0.094435
0.096123 1.77382 0.453701 0.561046 1.62976 0.385264 0.556565 1.79212 0.450685 0.565832 1.68563 0.485128 0.521653 2.12582 0.403059 0.694653 0.094435 0.097811
0.099498 2.20788 0.498796 0.629996 2.01462 0.378487 0.632289 2.23242 0.499452 0.642726 2.11369 0.517818 0.608642 2.5838 0.447793 0.767059 0.097811 0.101186
0.102873 2.68713 0.566542 0.734442 2.51806 0.432567 0.667165 2.7086 0.570111 0.749742 2.61475 0.584282 0.698462 2.97601 0.485065 0.826768 0.101186 0.104560
0.106248 3.2214 0.583067 0.819186 2.83543 0.47052 0.74749 3.27042 0.572922 0.836991 3.114 0.59666 0.779237 3.65008 0.509263 0.9222 0.104560 0.107936
0.109623 3.80924 0.564317 0.900785 3.32298 0.460989 0.818333 3.87099 0.571467 0.94075 3.70027 0.576095 0.850859 4.24412 0.527351 1.02995 0.107936 0.111310
0.112998 4.35372 0.577146 0.995506 3.82187 0.495426 0.835457 4.42126 0.551051 1.03228 4.20048 0.600651 0.965643 4.96532 0.543735 1.15302 0.111310 0.114686
0.116373 4.97237 0.562193 1.08697 4.50327 0.528552 0.954065 5.03194 0.547646 1.09732 4.81581 0.567224 1.05135 5.59723 0.526417 1.29027 0.114686 0.118060
0.119748 5.54329 0.577697 1.1363 4.71115 0.528342 1.01228 5.64897 0.589679 1.15843 5.42482 0.610864 1.10647 6.01612 0.531513 1.31055 0.118060 0.121435
0.123123 6.26785 0.638198 1.2823 5.18962 0.531466 1.07903 6.40478 0.595668 1.32021 6.12186 0.637913 1.20929 6.85053 0.531106 1.54134 0.121435 0.124811
0.126498 7.03226 0.690163 1.38926 5.90752 0.505507 1.25096 7.1751 0.656331 1.39339 6.82743 0.689616 1.32264 7.84978 0.602677 1.7112 0.124811 0.128185
0.129873 7.84775 0.720865 1.47746 6.81195 0.405761 1.71626 7.9793 0.712095 1.48364 7.64453 0.748531 1.38289 8.65884 0.594594 1.89785 0.128185 0.131561
0.133248 8.5195 0.761594 1.65124 7.66066 0.235343 2.00201 8.62857 0.808158 1.62313 8.33451 0.787782 1.55114 9.25782 0.626752 2.07733 0.131561 0.134935
0.137045 9.30633 0.757919 1.8695 8.07934 0.242401 2.09835 9.46216 0.751126 1.89665 8.97626 0.79812 1.71612 10.6237 0.615044 2.45894 0.134935 0.139154
0.141685 10.6368 0.768396 2.25308 8.72047 0.347878 2.01801 10.8801 0.717399 2.32905 10.1261 0.864462 1.95103 12.675 0.433959 3.09767 0.139154 0.144217
0.146748 12.2008 0.818758 2.53963 9.8758 0.137045 2.50452 12.4961 0.747077 2.64888 11.3906 0.967125 2.22886 15.4345 0.132205 3.8658 0.144217 0.149279
0.151810 13.6889 0.844966 2.92976 10.6033 0.327602 2.50811 14.0808 0.67824 3.08022 12.7558 1.00663 2.52009 17.4133 0 4.48006 0.149279 0.154342
0.156873 15.7468 0.569429 3.45256 12.7997 0.303158 2.96242 16.121 0.610909 3.5278 14.6983 0.80916 2.99785 19.9315 -0.0482826 5.10822 0.154342 0.159404
0.161935 17.1642 0.520857 3.68161 13.8357 -0.0877275 3.47236 17.5869 0.669085 3.82092 15.9618 0.784284 3.24246 21.9633 0.0525379 5.51556 0.159404 0.164467
0.166998 18.8559 0.730637 4.24393 15.5268 0.351482 3.61103 19.2787 0.738081 4.50093 17.6058 0.942673 3.76714 23.845 0.00263977 6.20015 0.164467 0.169529
0.172060 21.062 0.940014 4.71452 18.5498 -0.0839539 5.32043 21.3811 0.920652 4.76475 19.6178 1.07893 4.26114 26.826 0.132372 6.84462 0.169529 0.174591
0.177123 23.1047 1.05737 5.22942 20.77 -0.0742378 6.36382 23.4012 1.03758 5.18816 21.5722 1.2472 4.62742 29.2212 0.459097 7.06539 0.174591 0.179654
0.182185 25.1784 1.04548 5.82592 22.2182 -0.210377 6.69773 25.5543 1.16055 5.90468 23.5776 1.20481 5.29144 31.5673 0.536667 7.72286 0.179654 0.184716
0.187248 26.9141 1.32498 6.14956 22.4905 -0.268501 6.7223 27.4759 1.30619 6.36874 25.1012 1.37484 5.67233 34.1496 0.371658 8.62853 0.184716 0.189779
0.192310 29.3458 1.53468 6.8691 23.8606 -0.0944443 7.15067 30.0424 1.60786 6.97414 27.8942 1.7115 6.30635 35.1396 1.08002 8.71731 0.189779 0.194842
0.197373 32.2051 1.90464 7.25295 25.0296 0.41925 7.34125 33.1164 1.72754 7.53311 30.9444 1.7973 6.77517 37.2369 1.74258 9.02007 0.194842 0.199904
0.202435 34.5368 2.38673 7.58401 26.581 0.600233 7.72895 35.5472 2.20959 7.99728 32.9467 2.09731 7.07274 40.8833 2.75053 9.23607 0.199904 0.204967
0.207498 37.1726 2.84096 7.77911 26.5003 1.08746 7.08833 38.528 2.65549 8.41948 35.8447 2.71001 7.592 42.4724 3.53117 8.8977 0.204967 0.210029
0.212560 39.9597 3.37745 8.15493 28.3552 1.04952 7.7326 41.4335 3.43299 8.6482 38.7763 3.23672 7.83101 44.6829 4.38728 9.07324 0.210029 0.215091
0.217623 42.1127 3.93924 8.27747 29.3545 1.50653 7.41696 43.7329 4.41954 8.67889 40.2223 3.75806 8.03667 49.6574 6.31321 9.08648 0.215091 0.220154
0.222685 44.9672 4.90393 8.60041 31.491 2.32048 7.31757 46.6786 5.07401 9.08973 42.5325 4.24284 8.24305 54.6844 7.1898 9.4041 0.220154 0.225217
0.227748 47.4691 6.20283 8.52163 36.0772 2.72776 7.75338 48.9158 6.04176 8.92327 44.6135 5.2767 8.16518 58.8661 7.97773 9.50074 0.225217 0.230279
0.232810 50.3369 6.96833 8.4169 40.1705 3.91135 7.76688 51.628 6.80682 8.93528 47.2694 6.18015 8.22235 62.5798 9.27423 9.36932 0.230279 0.235342
0.237873 53.4206 7.36384 8.53389 44.7135 4.97878 8.18568 54.5263 7.36285 8.78397 51.0534 6.70539 8.54432 62.8682 10.5897 8.76043 0.235342 0.240404
0.242935 56.0877 8.33673 7.95917 48.6704 5.92665 8.37676 57.0297 8.68262 8.44609 54.423 7.54863 8.14732 62.7316 11.5967 8.31499 0.240404 0.245467
0.247998 57.6837 9.14312 8.07404 49.2002 6.04049 8.62335 58.761 9.35799 8.34668 56.8418 8.51387 8.27898 61.0437 11.4897 8.0235 0.245467 0.250529
0.253060 59.087 9.90217 8.19762 49.433 7.07895 7.66125 60.3131 9.81704 8.52715 58.3172 9.34705 8.25708 62.1594 11.4352 8.37996 0.250529 0.255592
0.258123 61.1646 10.2893 8.14058 49.628 6.58463 8.10647 62.6297 10.4025 8.40677 60.72 9.95613 8.43858 62.9391 11.1867 8.35943 0.255592 0.260654
0.263185 62.7239 10.5725 8.37526 50.8194 6.6017 8.42106 64.2357 10.6043 8.37358 62.0641 10.2029 8.50338 65.3573 11.8157 8.75122 0.260654 0.265716
0.268248 65.369 10.8474 8.51126 55.1104 6.38298 9.1131 66.6718 10.808 8.61781 65.0666 10.6494 8.67947 66.576 11.5303 8.82033 0.265716 0.270779
0.273310 67.3316 10.794 8.83815 55.5438 7.40302 8.4115 68.8287 11.1425 9.1512 66.5633 10.7334 8.7429 70.3983 11.3046 9.66459 0.270779 0.275842
0.278373 68.7042 10.4602 9.18253 58.9993 6.5496 10.0048 69.9367 11.4702 9.47796 68.3165 10.6662 9.25526 70.252 11.065 10.5457 0.275842 0.280904
0.283435 70.5248 11.1204 9.56838 59.8843 5.94617 10.3823 71.8762 11.377 9.84451 70.2547 10.8585 9.52969 71.6031 11.2124 10.5835 0.280904 0.285967
0.288498 70.4157 10.6544 10.0277 59.0855 6.09938 9.96289 71.8546 10.6964 10.2407 70.1338 10.4215 9.83965 71.541 11.0275 10.9755 0.285967 0.291029
0.293560 70.5209 10.2671 10.052 59.1268 6.79044 9.6286 71.9679 10.3409 10.4474 70.7791 10.1325 10.0054 69.4902 10.8516 10.5131 0.291029 0.296091
0.298623 70.2523 9.66235 10.5337 59.1039 6.0402 9.88106 71.6682 9.8932 10.7067 70.9483 9.64806 10.5279 67.4747 10.3598 10.252 0.296091 0.301154
0.303685 70.1218 9.37198 10.5998 59.9486 6.87323 9.61169 71.4138 9.43958 11.1211 71.3617 9.38815 11.0443 65.1733 9.76951 9.6366 0.301154 0.306217
0.308748 69.4259 8.62589 10.8158 58.4244 6.60732 10.2852 70.8231 8.92247 11.2533 70.474 8.78745 11.1417 65.243 8.70566 10.1887 0.306217 0.311279
0.313810 69.8628 8.42773 11.386 61.0266 6.92275 11.0651 70.9849 8.73399 11.7793 71.0618 8.61564 11.3204 65.077 7.96262 10.8212 0.311279 0.316341
0.318873 69.5473 7.94626 11.9367 59.525 6.97318 10.4127 70.82 8.22446 12.0701 70.9461 8.19986 12.2166 63.9639 7.26343 11.315 0.316341 0.321404
0.323935 67.5016 7.41853 11.9045 55.5251 5.54345 10.5911 69.0225 7.58187 12.0162 69.1378 7.6217 12.2187 60.9712 6.95502 10.887 0.321404 0.326466
0.328997 66.0549 7.08698 12.0383 56.3245 4.72474 11.6448 67.2906 7.06577 12.2396 68.0595 7.13221 12.1861 58.0542 6.46678 11.044 0.326466 0.331528
0.334060 64.2963 6.62788 11.8523 57.1975 4.1767 11.9511 65.1979 6.49805 12.177 66.4538 6.9874 12.2279 55.6856 6.27387 10.7031 0.331528 0.336591
0.339122 62.3067 6.04555 11.7553 55.8382 5.65614 10.5878 63.1282 5.88338 11.9132 64.667 6.50014 12.0475 52.8866 6.08736 10.2254 0.336591 0.341653
0.344185 60.9104 6.16258 11.4201 57.6765 5.46577 11.1913 61.3211 5.98973 11.6703 63.4706 6.02406 12.0524 50.6924 6.82459 9.37376 0.341653 0.346716
0.349247 59.7493 5.42129 11.479 57.7841 4.16768 12.7304 59.9989 5.67731 11.5941 62.7004 5.65741 12.2712 47.9711 6.38123 8.8301 0.346716 0.351779
0.354310 58.0732 5.50527 11.5407 57.7079 4.43253 12.0168 58.1196 5.30473 11.4655 61.1341 5.61209 12.2305 45.8565 6.21166 8.69658 0.351779 0.356841
0.359372 55.7511 5.23792 11.5283 53.7151 5.68681 10.0867 56.0097 5.09531 11.6552 58.6409 5.2394 12.1475 44.2176 5.54882 8.67701 0.356841 0.361903
0.364435 53.8934 5.40318 11.0083 53.2613 5.56686 10.469 53.9737 5.22217 11.0793 56.8407 5.405 12.0751 42.1305 5.68084 7.90293 0.361903 0.366966
0.369497 52.1825 5.36797 10.846 51.8369 4.71961 10.7139 52.2263 5.32257 10.894 55.2281 5.41167 11.6576 40.0266 5.15601 7.90696 0.366966 0.372028
0.374560 50.3541 5.52469 10.1353 48.8085 4.92261 9.94913 50.5504 5.47877 10.1803 53.4641 5.71417 10.999 37.9414 5.10478 7.16185 0.372028 0.377091
0.379622 48.4412 5.20721 10.0396 47.465 3.9067 11.0312 48.5652 5.30762 10.1495 51.6101 5.31393 10.8095 35.7935 4.6087 7.16555 0.377091 0.382154
0.384685 46.7535 5.04152 9.86539 45.2978 3.88895 10.4847 46.9384 5.10472 9.90449 49.8404 4.98172 10.6479 34.4333 4.33226 6.87214 0.382154 0.387216
0.389747 45.5296 4.77581 9.90284 45.6446 3.02205 10.7839 45.515 4.9557 9.77705 48.7182 5.0425 10.4363 32.8036 3.81184 6.93064 0.387216 0.392278
0.394810 43.8417 4.61523 9.59163 43.4632 3.77806 10.1892 43.8898 4.64018 9.47107 47.1435 4.93693 10.3452 30.6641 3.30938 6.71045 0.392278 0.397341
0.399872 42.2912 4.44978 9.27295 42.1191 4.34184 9.50999 42.313 4.47142 9.19307 45.5381 4.7986 9.91916 29.3321 3.16502 6.60931 0.397341 0.402404
0.404935 40.2042 4.35282 8.68605 41.4888 3.92301 10.2139 40.0411 4.42131 8.50715 43.4191 4.74123 9.58723 27.3733 2.92553 6.01956 0.402404 0.407466
0.409997 38.5653 4.45496 8.17784 39.885 4.84011 9.40227 38.3977 4.31635 8.1188 41.7068 4.68147 8.75438 26.0271 2.8216 5.73294 0.407466 0.412529
0.415060 37.0969 4.1168 7.89594 39.6443 4.18314 9.63823 36.7734 4.28043 7.738 40.1484 4.55931 8.47075 24.9179 2.75457 5.6332 0.412529 0.417591
0.420122 35.6364 4.17908 7.64961 38.0972 3.99813 8.88361 35.3239 4.33684 7.3716 38.6502 4.56431 8.23014 23.6081 2.85516 5.40965 0.417591 0.422653
0.425185 34.2062 3.94847 7.26721 36.0076 4.78222 7.97351 33.9775 4.06986 7.18525 37.2395 4.29656 7.88611 22.0998 2.66223 5.0312 0.422653 0.427716
0.430247 32.9067 4.04203 7.05418 34.635 4.95272 7.43404 32.6872 4.00505 7.01907 35.8257 4.32016 7.50814 21.2563 2.32223 5.00504 0.427716 0.432779
0.435310 31.1718 3.82126 6.78216 33.7743 4.09036 7.79254 30.8413 3.76769 6.69717 33.8316 4.0625 7.19812 20.5561 2.60154 4.31357 0.432779 0.437841
0.440372 29.5355 3.77991 6.46679 31.719 4.01361 7.43518 29.2582 3.69494 6.30456 32.0002 3.98789 6.92385 19.6984 2.30194 4.3734 0.437841 0.442903
0.445435 27.8337 3.59197 6.03331 29.6174 3.63796 7.02642 27.6071 3.52708 5.94032 30.1483 3.8147 6.54377 18.5955 2.3719 4.05697 0.442903 0.447966
0.450497 26.5514 3.36991 5.91231 28.6797 3.50626 6.33164 26.2811 3.18838 5.77618 28.8912 3.67159 6.39381 17.213 2.02582 3.8157 0.447966 0.453029
0.455560 25.36 3.26243 5.72348 27.0978 3.57717 5.73789 25.1394 3.14676 5.79182 27.6648 3.50281 6.31537 16.1615 2.01791 3.51668 0.453029 0.458091
0.460622 24.1875 2.87901 5.67209 25.5683 3.83293 4.7962 24.0122 2.85346 5.61055 26.4694 3.23886 6.18319 15.0801 2.13626 3.17065 0.458091 0.463154
0.465685 22.8353 2.70958 5.25965 23.6529 3.43876 4.7694 22.7314 2.58463 5.25945 25.0804 2.89295 5.85505 13.8744 2.26547 2.76702 0.463154 0.468216
0.470747 21.535 2.54485 4.89037 22.7844 2.95018 4.85324 21.3763 2.40916 4.80114 23.7543 2.71 5.45842 12.6774 2.14899 2.56856 0.468216 0.473278
0.475810 20.3964 2.3332 4.49954 21.3704 3.18548 4.06205 20.2727 2.25795 4.43801 22.4606 2.48285 5.0639 12.1576 2.34548 2.28502 0.473278 0.478341
0.480872 19.435 2.34004 4.12398 20.3358 3.27339 3.60706 19.3206 2.37039 4.16982 21.2426 2.41467 4.74521 12.2205 2.40022 2.29227 0.478341 0.483404
0.485935 18.5681 2.36686 4.07825 19.5489 3.13443 3.65684 18.4435 2.39286 4.01572 20.3561 2.39431 4.49213 11.4319 2.44174 2.0757 0.483404 0.488466
0.490997 17.592 2.293 3.86682 18.6365 3.63798 2.92721 17.4594 2.23187 3.81583 19.3174 2.43913 4.26229 10.706 2.20533 2.00437 0.488466 0.493528
0.496060 16.9897 2.46911 3.70442 17.5267 3.33719 2.79502 16.9215 2.36212 3.69181 18.6664 2.33904 4.08569 10.2978 2.35411 2.03128 0.493528 0.498591
0.501122 16.3243 2.51484 3.56902 16.9193 3.2779 2.71996 16.2487 2.41366 3.56518 17.9998 2.41964 3.93244 9.63715 2.27775 1.95123 0.498591 0.503654
0.506185 15.3943 2.36569 3.29243 15.8702 3.18296 2.84225 15.3338 2.39591 3.29625 17.0393 2.37901 3.65161 8.82855 2.09016 1.95807 0.503654 0.508716
0.511247 14.4701 2.35812 3.06503 15.0289 3.21841 2.52149 14.3991 2.23918 3.05514 16.0189 2.3409 3.41778 8.28844 2.01559 1.80977 0.508716 0.513778
0.516310 13.7384 2.19507 2.94272 15.1741 3.65973 2.37897 13.5561 2.15309 2.87185 15.255 2.28022 3.27413 7.68553 1.65684 1.72687 0.513778 0.518841
0.521372 13.1304 2.27761 2.74938 14.4141 3.66006 2.25448 12.9674 2.18147 2.69226 14.5668 2.39196 3.0461 7.39782 1.76372 1.66263 0.518841 0.523903
0.526435 12.5947 2.19568 2.64565 13.6555 3.43114 2.18039 12.46 2.06915 2.61239 13.9623 2.2009 2.94886 7.13636 1.82324 1.65966 0.523903 0.528966
0.531497 12.0572 2.08637 2.57498 13.0566 3.50452 2.1897 11.9303 1.96629 2.55847 13.4108 2.16837 2.86742 6.65477 1.64508 1.54627 0.528966 0.534029
0.536560 11.547 2.15951 2.43185 12.2871 3.95164 1.71701 11.453 2.08089 2.45985 12.8532 2.34923 2.71893 6.33372 1.69979 1.43277 0.534029 0.539091
0.541622 11.0879 2.21116 2.33985 11.701 3.61503 1.72253 11.0101 2.07631 2.38378 12.3544 2.28115 2.64281 6.03312 1.79117 1.39396 0.539091 0.544153
0.546685 10.5194 2.21411 2.19768 11.4605 3.5197 1.72571 10.3999 2.09168 2.21307 11.7304 2.283 2.45045 5.68605 1.79031 1.27086 0.544153 0.549216
0.551747 10.1205 2.16615 2.12289 10.8875 3.6208 1.5564 10.0231 2.09536 2.1495 11.2472 2.2357 2.36218 5.62377 1.80952 1.35887 0.549216 0.554278
0.556810 9.61871 2.049 2.03289 10.2289 2.97142 1.5922 9.54121 1.97121 2.05666 10.69 2.12228 2.32099 5.34307 1.64203 1.31628 0.554278 0.559341
0.561872 9.01829 1.89573 1.89921 9.60163 3.01441 1.34418 8.94421 1.82765 1.95417 10.0927 2.04143 2.19772 4.73024 1.44089 1.1019 0.559341 0.564404
0.566935 8.54701 1.73553 1.83193 9.29937 2.9691 1.35819 8.45146 1.66947 1.84724 9.61021 1.91217 2.0986 4.30362 1.28754 0.928848 0.564404 0.569466
0.571997 8.21819 1.66217 1.7997 8.67314 3.03205 1.20633 8.16041 1.58402 1.84791 9.25581 1.86899 2.06253 4.07688 1.20682 0.863213 0.569466 0.574528
0.577060 7.92482 1.66437 1.75162 8.58379 2.73039 1.32038 7.84113 1.6159 1.79475 8.88614 1.8353 1.99088 4.08803 1.36263 0.914392 0.574528 0.579592
0.582123 7.58383 1.66502 1.68537 8.08043 2.69601 1.37169 7.52077 1.59816 1.72309 8.48704 1.78307 1.91556 3.97898 1.33707 0.938707 0.579592 0.584654
0.587185 7.1596 1.56023 1.63927 7.52078 2.39783 1.16339 7.11373 1.50583 1.68049 7.98076 1.66809 1.81478 3.88224 1.29884 0.92699 0.584654 0.589717
0.592248 6.95485 1.57337 1.61469 7.26167 2.34039 1.15486 6.91588 1.50409 1.67834 7.78292 1.68326 1.7673 3.64988 1.18156 0.841369 0.589717 0.594779
0.597310 6.66101 1.51473 1.57781 7.12209 2.59913 1.1696 6.60246 1.44613 1.61118 7.4757 1.62507 1.76294 3.40948 1.13636 0.848044 0.594779 0.599841
0.602373 6.38843 1.43719 1.54184 6.92338 2.38719 1.27223 6.32049 1.37505 1.5832 7.16955 1.55326 1.70135 3.27086 1.04466 0.843595 0.599841 0.604904
0.607435 6.1675 1.44478 1.51547 6.58575 2.25638 1.14411 6.11439 1.40471 1.55005 6.91095 1.53401 1.63747 3.2003 0.997882 0.884789 0.604904 0.609967
0.612498 5.89418 1.38499 1.4571 6.2832 2.42774 1.09015 5.84477 1.31002 1.48683 6.61628 1.49217 1.61202 3.01215 0.99178 0.78438 0.609967 0.615029
0.617560 5.56877 1.29005 1.4006 6.12866 2.28111 1.19312 5.49767 1.22671 1.42727 6.20158 1.369 1.52875 3.04312 0.941772 0.862109 0.615029 0.620092
0.622623 5.36152 1.20493 1.39709 6.06733 2.14476 1.2253 5.27189 1.16421 1.40114 5.93644 1.29231 1.5077 3.06694 0.935343 0.8998 0.620092 0.625154
0.627685 5.21626 1.16223 1.37186 5.83621 1.87325 1.2671 5.13753 1.12515 1.39868 5.78627 1.25134 1.49623 2.94124 0.870234 0.898712 0.625154 0.630216
0.632748 4.99783 1.12523 1.29698 5.60999 1.6258 1.23306 4.92009 1.10633 1.31535 5.58516 1.2235 1.4534 2.65374 0.767898 0.755254 0.630216 0.635279
0.637810 4.91308 1.13561 1.28998 5.50528 1.81689 1.1597 4.83787 1.11218 1.30469 5.48479 1.25068 1.41177 2.63129 0.776644 0.706989 0.635279 0.640342
0.642873 4.72607 1.13517 1.23473 5.32702 1.59338 1.13548 4.64975 1.12544 1.31532 5.28486 1.20257 1.43347 2.49587 0.737315 0.648749 0.640342 0.645404
0.647935 4.68277 1.14613 1.24344 5.43208 1.65895 1.28097 4.5876 1.13284 1.31837 5.24762 1.18854 1.41841 2.42833 0.761317 0.662375 0.645404 0.650466
0.652998 4.43881 1.06702 1.17716 5.2514 1.49716 1.2512 4.33562 1.10175 1.24124 4.96224 1.13242 1.31137 2.34974 0.72157 0.621533 0.650466 0.655529
0.658060 4.35022 1.04076 1.20088 5.03719 1.14478 1.32501 4.26298 1.06537 1.23393 4.88527 1.09323 1.35345 2.21478 0.676513 0.581922 0.655529 0.660591
0.663123 4.18099 0.99212 1.17385 4.87752 1.29558 1.06691 4.09253 0.99817 1.22386 4.70368 1.04163 1.32911 2.09481 0.646011 0.544514 0.660591 0.665654
0.668185 3.99352 0.893373 1.11368 4.56943 1.31254 1.01586 3.92038 0.904638 1.18276 4.51645 0.968383 1.26572 1.90644 0.564906 0.476342 0.665654 0.670717
0.673248 3.86164 0.918878 1.09509 4.32586 1.32869 0.97087 3.80268 0.93816 1.13372 4.34295 0.989086 1.24407 1.94066 0.589837 0.498214 0.670717 0.675779
0.678310 3.76886 0.898725 1.07295 4.39781 1.48028 1.06252 3.68899 0.874071 1.11433 4.22679 0.947862 1.23434 1.9412 0.603138 0.492113 0.675779 0.680841
0.684006 3.61096 0.788261 1.05719 4.05339 1.22234 0.982584 3.55477 0.781278 1.08329 4.04375 0.847192 1.19112 1.88363 0.578612 0.484118 0.680841 0.687170
0.690967 3.53111 0.809331 1.04344 4.15196 1.41526 0.975614 3.45227 0.750701 1.04334 3.93357 0.866374 1.17218 1.92481 0.575487 0.512607 0.687170 0.694764
0.698560 3.40387 0.808797 0.980651 4.19231 1.40224 1.05902 3.30375 0.784801 0.984517 3.75951 0.849199 1.11165 1.98448 0.60594 0.497731 0.694764 0.702357
0.706154 3.13877 0.690387 0.920614 3.91621 1.20507 1.04812 3.04004 0.678233 0.933442 3.47427 0.761569 1.0423 1.79972 0.51851 0.455814 0.702357 0.709951
0.713748 3.07757 0.697972 0.921012 4.16355 1.19008 1.19069 2.93965 0.680962 0.892561 3.37059 0.752137 1.02494 1.90805 0.543765 0.524535 0.709951 0.717545
0.721342 2.87753 0.636647 0.853299 3.7743 1.12291 1.02227 2.76365 0.623064 0.839639 3.16861 0.680722 0.961026 1.7158 0.508021 0.45857 0.717545 0.725139
0.728935 2.79029 0.56341 0.832259 3.77841 0.933687 1.07311 2.66481 0.566756 0.826993 3.08315 0.637909 0.937517 1.62148 0.395128 0.451849 0.725139 0.732732
0.736529 2.65195 0.519932 0.794697 3.57427 0.963171 0.984931 2.53481 0.477723 0.800591 2.96065 0.552636 0.900925 1.41988 0.302619 0.405836 0.732732 0.740326
0.744123 2.54116 0.483118 0.767828 3.64669 0.798633 1.07557 2.40076 0.490026 0.747977 2.81141 0.513555 0.863915 1.46254 0.343504 0.42738 0.740326 0.747920
0.751717 2.44127 0.495572 0.7635 3.73093 0.977398 1.09129 2.27748 0.433644 0.71646 2.69557 0.550211 0.845277 1.42631 0.290287 0.441893 0.747920 0.755513
0.759310 2.35884 0.485548 0.7261 3.92408 1.12076 1.18994 2.16006 0.44467 0.687225 2.61185 0.525334 0.818569 1.34905 0.249166 0.431107 0.755513 0.763107
0.766904 2.35935 0.453261 0.755094 4.10496 1.0908 1.28123 2.13767 0.422759 0.674329 2.60315 0.511779 0.827104 1.38632 0.258591 0.442496 0.763107 0.770701
0.774498 2.26912 0.514153 0.720929 4.44987 1.0905 1.50002 1.99217 0.47578 0.611119 2.54106 0.560558 0.81359 1.18376 0.228011 0.368407 0.770701 0.778295
0.782092 2.23288 0.509086 0.735381 4.88995 1.14063 1.74888 1.89544 0.481349 0.577779 2.49478 0.613317 0.826142 1.1876 0.215792 0.403359 0.778295 0.785888
0.789685 2.14721 0.438285 0.751041 5.18452 1.15472 1.93329 1.76148 0.426961 0.55606 2.39957 0.53253 0.835688 1.14001 0.199059 0.422646 0.785888 0.793482
0.797279 2.14181 0.475013 0.752657 5.88853 1.42711 2.16504 1.66599 0.431309 0.530164 2.40927 0.529649 0.857354 1.0743 0.237923 0.35274 0.793482 0.801076
0.804873 2.09171 0.495357 0.765201 6.48607 2.04238 2.48389 1.53365 0.428518 0.474639 2.36898 0.584623 0.868694 0.985099 0.181542 0.350435 0.801076 0.808670
0.812467 2.05013 0.433223 0.79958 6.90746 2.04691 2.90618 1.43327 0.371869 0.465108 2.30309 0.485191 0.918635 1.04051 0.209053 0.393664 0.808670 0.816263
0.820060 2.02664 0.411607 0.812752 7.6738 2.59895 3.40699 1.30948 0.353062 0.416544 2.28904 0.493445 0.919026 0.979376 0.130306 0.395911 0.816263 0.823857
0.827654 2.02948 0.482549 0.82138 8.26213 3.08998 3.57489 1.23796 0.400918 0.388828 2.29533 0.544573 0.944221 0.968415 0.241377 0.379218 0.823857 0.831451
0.835248 1.92764 0.529706 0.783884 8.34616 3.28119 3.40671 1.11251 0.389507 0.340488 2.14649 0.588795 0.876206 1.05417 0.29481 0.426693 0.831451 0.839045
0.842842 1.88229 0.537255 0.802521 8.96794 3.82372 3.93658 0.982436 0.347658 0.277184 2.0921 0.619829 0.877822 1.04488 0.194848 0.499788 0.839045 0.846639
0.850435 1.83387 0.537066 0.813842 9.60132 4.15835 4.57194 0.84744 0.319578 0.213282 2.02688 0.624007 0.884056 1.06355 0.166108 0.538653 0.846639 0.854232
0.858029 1.80475 0.518467 0.845082 10.3971 4.36508 5.1959 0.713554 0.315917 0.158982 2.01331 0.595495 0.934492 0.972337 0.192791 0.469243 0.854232 0.861826
0.865623 1.722 0.489879 0.834364 10.7501 4.89812 5.53996 0.575469 0.252463 0.103151 1.92911 0.535107 0.934942 0.895421 0.227185 0.431193 0.861826 0.869420
0.873217 1.70208 0.552849 0.843152 11.4385 5.9018 5.81212 0.465595 0.202869 0.072709 1.9161 0.623258 0.957138 0.847882 0.236972 0.407316 0.869420 0.877014
0.880810 1.6282 0.558404 0.824461 11.9762 8.77841 5.63021 0.31404 0.0289217 0.0632927 1.84768 0.645416 0.940005 0.752204 0.210748 0.371706 0.877014 0.884607
0.888404 0 0 0 0 0 0 0 0 0 0 0 0 0 0 0 0.884607 0.892201
0.895998 0 0 0 0 0 0 0 0 0 0 0 0 0 0 0 0.892201 0.899795
0.903592 0 0 0 0 0 0 0 0 0 0 0 0 0 0 0 0.899795 0.907389
0.911185 0 0 0 0 0 0 0 0 0 0 0 0 0 0 0 0.907389 0.914982
0.918779 0 0 0 0 0 0 0 0 0 0 0 0 0 0 0 0.914982 0.922576
0.926373 0 0 0 0 0 0 0 0 0 0 0 0 0 0 0 0.922576 0.930170
0.933967 0 0 0 0 0 0 0 0 0 0 0 0 0 0 0 0.930170 0.937763
0.941560 0 0 0 0 0 0 0 0 0 0 0 0 0 0 0 0.937763 0.945357
0.949154 0 0 0 0 0 0 0 0 0 0 0 0 0 0 0 0.945357 0.952951
0.956748 0 0 0 0 0 0 0 0 0 0 0 0 0 0 0 0.952951 0.960545
0.964342 0 0 0 0 0 0 0 0 0 0 0 0 0 0 0 0.960545 0.968138
0.971935 0 0 0 0 0 0 0 0 0 0 0 0 0 0 0 0.968138 0.975732
0.979529 0 0 0 0 0 0 0 0 0 0 0 0 0 0 0 0.975732 0.983326
0.987123 0 0 0 0 0 0 0 0 0 0 0 0 0 0 0 0.983326 0.990920
0.994717 0 0 0 0 0 0 0 0 0 0 0 0 0 0 0 0.990920 0.998514
1.000412 0 0 0 0 0 0 0 0 0 0 0 0 0 0 0 0.998514 1.002310
