#Peak halo mass range: 10.625 < log10(Mh/Msun) < 10.875
#Quenched threshold: True SFR / True SM < 1e-11 / yr
#True SFHs in units of Msun/yr.
#See documentation for explanation of true vs. observed SFRs and SMs.
#Bestfit halos in bin: 959108
#Bestfit SF halos in bin: 943399
#Bestfit Q halos in bin: 15709
#Bestfit central halos in bin: 708972
#Bestfit satellite halos in bin: 250136
#Avg_scale_factor <SFH_all> Err+ Err- <SFH_SF> Err+ Err- <SFH_Q> Err+ Err- <SFH_Cen> Err+ Err- <SFH_Sat> Err+ Err- Scale_factor_begin Scale_factor_end
0.028936 0 0 0 0 0 0 0 0 0 0 0 0 0 0 0 0.000000 0.057873
0.059561 1.62767e-10 1.34006e-07 1.62766e-10 1.65477e-10 1.36429e-07 1.65477e-10 0 0 0 0 0 0 6.24105e-10 4.60698e-07 6.24103e-10 0.057873 0.061248
0.062373 2.57701e-07 6.62495e-07 2.54541e-07 2.61992e-07 6.46944e-07 2.5907e-07 0 4.41398e-12 0 0 0 0 9.88116e-07 2.29124e-06 9.77044e-07 0.061248 0.063498
0.064623 4.88144e-07 3.37076e-06 3.82024e-07 3.66116e-07 3.30871e-06 2.88857e-07 7.81649e-06 3.62535e-06 7.54686e-06 1.91723e-07 1.17795e-07 1.85877e-07 1.3283e-06 1.09817e-05 1.05071e-06 0.063498 0.065748
0.066873 1.07407e-06 3.71486e-06 6.63208e-07 6.69749e-07 1.48258e-06 4.967e-07 2.53553e-05 0.000120234 1.58731e-05 9.75308e-08 1.00106e-07 8.89538e-08 3.84191e-06 1.21577e-05 2.53904e-06 0.065748 0.067998
0.069123 4.60111e-06 4.84463e-06 3.31659e-06 3.8101e-06 2.09458e-06 3.00013e-06 5.21047e-05 0.000166703 3.21508e-05 4.03247e-07 3.39846e-07 3.36863e-07 1.64993e-05 1.53111e-05 1.24604e-05 0.067998 0.070248
0.071373 5.87947e-06 5.28616e-06 4.13005e-06 4.78445e-06 4.30774e-06 3.42105e-06 7.16409e-05 6.83042e-05 5.22477e-05 8.69941e-07 7.01188e-07 6.54006e-07 2.00782e-05 1.38114e-05 1.44862e-05 0.070248 0.072498
0.073623 1.12704e-05 1.2098e-05 7.56239e-06 8.77089e-06 8.3578e-06 5.93846e-06 0.000161378 0.000198847 0.000113291 6.06862e-07 6.96547e-07 4.45075e-07 4.14946e-05 3.32991e-05 2.8313e-05 0.072498 0.074748
0.075873 2.16966e-05 2.43971e-05 1.23552e-05 1.66897e-05 1.75384e-05 9.47198e-06 0.000322381 0.000350206 0.000207058 2.11806e-06 1.90448e-06 1.35671e-06 7.71889e-05 6.82451e-05 4.62679e-05 0.074748 0.076998
0.078123 2.95621e-05 3.91904e-05 1.45232e-05 2.36076e-05 2.91243e-05 1.17926e-05 0.000387156 0.000532659 0.000210546 4.72432e-06 4.45075e-06 2.87029e-06 9.9961e-05 0.000120609 5.13922e-05 0.076998 0.079248
0.080373 5.18319e-05 6.88651e-05 2.22863e-05 4.18203e-05 5.3818e-05 1.88475e-05 0.00065308 0.000912127 0.000297337 9.90186e-06 8.42316e-06 5.59469e-06 0.000170676 0.000193557 7.58286e-05 0.079248 0.081498
0.082904 7.81285e-05 0.000101787 3.11481e-05 6.49085e-05 8.13252e-05 2.79319e-05 0.000872051 0.00122331 0.000342045 1.66789e-05 1.41453e-05 9.11808e-06 0.000252298 0.000287652 0.000101998 0.081498 0.084311
0.085998 0.000149224 0.000176509 5.43674e-05 0.000129608 0.000155167 4.78687e-05 0.00132726 0.00172931 0.000481988 3.94082e-05 3.2859e-05 2.0001e-05 0.000460479 0.000496158 0.000170963 0.084311 0.087685
0.089373 0.000268495 0.000274914 8.38888e-05 0.000238253 0.00024776 8.10338e-05 0.00208467 0.00266192 0.000647059 8.66895e-05 6.95712e-05 4.20137e-05 0.000783793 0.000736958 0.000269035 0.087685 0.091061
0.092748 0.000425341 0.000447092 0.000119041 0.000382829 0.00039432 0.000124028 0.0029784 0.00360723 0.000721685 0.000156699 0.000109922 6.98387e-05 0.00118677 0.0011827 0.000351023 0.091061 0.094435
0.096123 0.0006665 0.000614297 0.000199658 0.000600899 0.000531219 0.000180067 0.00460618 0.00446948 0.00124539 0.000265108 0.00019539 0.000109668 0.00180419 0.0015155 0.000556159 0.094435 0.097811
0.099498 0.000998446 0.00083501 0.000291678 0.000908812 0.000738226 0.000277757 0.00638138 0.00576137 0.00184504 0.000433683 0.000297574 0.000161648 0.00259918 0.00202828 0.000769056 0.097811 0.101186
0.102873 0.00136756 0.00110359 0.000368284 0.00125815 0.000968279 0.000355134 0.00793824 0.00697588 0.00213366 0.000666494 0.00044348 0.000237277 0.00335464 0.00253339 0.000925219 0.101186 0.104560
0.106248 0.0018568 0.00150033 0.000424557 0.00171763 0.00133978 0.000413465 0.0102147 0.00843109 0.0027569 0.000980358 0.000611995 0.000333752 0.00434096 0.00319169 0.00103841 0.104560 0.107936
0.109623 0.0023934 0.00188545 0.00047373 0.00222415 0.00170007 0.000463325 0.0125572 0.0111929 0.00262543 0.00133932 0.000852105 0.000401871 0.00538102 0.00388312 0.00103403 0.107936 0.111310
0.112998 0.00293435 0.00233485 0.000539026 0.00273785 0.0021533 0.00052904 0.0147356 0.0126355 0.0028075 0.00170598 0.00102323 0.000465344 0.00641598 0.00477149 0.00115526 0.111310 0.114686
0.116373 0.00345052 0.00258181 0.00059094 0.00323161 0.00240434 0.000596917 0.0165972 0.0136349 0.00277469 0.00206944 0.00119432 0.000517035 0.00736497 0.00513746 0.00112717 0.114686 0.118060
0.119748 0.00394364 0.00286373 0.000621996 0.00370205 0.00264332 0.000632206 0.0184527 0.0154838 0.00281564 0.00242951 0.00138361 0.000610291 0.00823523 0.00540071 0.00105211 0.118060 0.121435
0.123123 0.00449514 0.00308299 0.000643231 0.00423313 0.00286525 0.000632098 0.0202302 0.0171039 0.00237451 0.00279542 0.0016018 0.000635314 0.00931273 0.00599276 0.00123913 0.121435 0.124811
0.126498 0.00509515 0.00329082 0.000652259 0.00480342 0.00315316 0.000644966 0.0226154 0.0174151 0.00235558 0.00320827 0.00177654 0.000688543 0.0104432 0.00627454 0.00112249 0.124811 0.128185
0.129873 0.0057409 0.00351855 0.000705551 0.00541281 0.00323122 0.000723781 0.0254443 0.0191515 0.00209132 0.00365836 0.00190509 0.000747945 0.0116435 0.00660804 0.00120889 0.128185 0.131561
0.133248 0.00641268 0.00369161 0.000703027 0.00605202 0.00337516 0.000683155 0.0280723 0.0198386 0.00194772 0.00415937 0.0019765 0.000800072 0.0127994 0.00692391 0.00123815 0.131561 0.134935
0.137045 0.00707368 0.00390506 0.000718452 0.006692 0.0035926 0.000760004 0.0299948 0.0211917 0.00146515 0.00466351 0.0021576 0.000913691 0.0139049 0.00744287 0.00126762 0.134935 0.139154
0.141685 0.00804787 0.00434934 0.000816636 0.00764805 0.00403175 0.000835358 0.0320588 0.0213968 0.00193021 0.00543171 0.00252253 0.000952159 0.015463 0.00772919 0.00141512 0.139154 0.144217
0.146748 0.00885311 0.0048142 0.000796965 0.00844775 0.00447139 0.000838126 0.0331969 0.0218519 0.00151883 0.00615304 0.00286152 0.000975432 0.0165061 0.00833259 0.00127621 0.144217 0.149279
0.151810 0.00963084 0.00513205 0.000869525 0.00921869 0.00483633 0.000907416 0.0343826 0.0227772 0.00159501 0.00683779 0.00300619 0.000996212 0.0175473 0.00889103 0.00116248 0.149279 0.154342
0.156873 0.0103203 0.0051983 0.000912121 0.00989447 0.00489273 0.000959541 0.0358956 0.0224422 0.00231929 0.00742124 0.00311466 0.00112826 0.0185374 0.0088489 0.00146188 0.154342 0.159404
0.161935 0.0107789 0.00510249 0.000935683 0.0103315 0.00479786 0.00103008 0.0376477 0.0220368 0.00250867 0.00782715 0.00308827 0.00126543 0.0191451 0.00855972 0.00147647 0.159404 0.164467
0.166998 0.0111981 0.00487148 0.0010042 0.0107537 0.00463673 0.00111104 0.0378906 0.0211567 0.00293513 0.00818293 0.00317363 0.00141345 0.0197443 0.0083071 0.00179421 0.164467 0.169529
0.172060 0.0113357 0.00452546 0.00118376 0.010888 0.00429428 0.0011272 0.0382211 0.0202446 0.00308257 0.00831206 0.00298386 0.00152853 0.0199058 0.00772512 0.00176707 0.169529 0.174591
0.177123 0.0113628 0.00442731 0.00140983 0.0109059 0.00425653 0.00130753 0.0388059 0.0193886 0.00323897 0.00829954 0.0028101 0.00161543 0.0200453 0.00719935 0.00202218 0.174591 0.179654
0.182185 0.0112881 0.00421867 0.00144373 0.010833 0.00394702 0.00141992 0.0386155 0.018433 0.00337208 0.00820551 0.00252572 0.0016751 0.0200251 0.00692016 0.00223426 0.179654 0.184716
0.187248 0.0112576 0.00387826 0.00144296 0.0107992 0.0037241 0.00139455 0.0387883 0.0175491 0.00394101 0.00814617 0.00260552 0.00174358 0.0200766 0.00658407 0.00216266 0.184716 0.189779
0.192310 0.0111674 0.00370988 0.00156922 0.0107168 0.00352689 0.00152175 0.0382273 0.016624 0.00389018 0.00807429 0.00258287 0.00179643 0.0199343 0.00604299 0.00225011 0.189779 0.194842
0.197373 0.0110758 0.00353767 0.00154856 0.0106279 0.00329862 0.00160908 0.037975 0.0165178 0.00336762 0.00799821 0.00234257 0.00182713 0.0197987 0.00598744 0.00233803 0.194842 0.199904
0.202435 0.0109623 0.00350753 0.00152573 0.0105227 0.00328676 0.00158678 0.037359 0.0153596 0.00377551 0.00792935 0.00222762 0.00180844 0.0195586 0.00574746 0.00240563 0.199904 0.204967
0.207498 0.0108815 0.00349805 0.00173373 0.0104475 0.00324061 0.00175539 0.0369408 0.0142907 0.00402217 0.00786519 0.00224921 0.00184436 0.0194307 0.00520144 0.00265403 0.204967 0.210029
0.212560 0.0107989 0.00316621 0.00180934 0.0103688 0.00308814 0.00183737 0.0366288 0.0134134 0.0046498 0.00779646 0.00202669 0.00191431 0.0193089 0.00502048 0.00280831 0.210029 0.215091
0.217623 0.0107026 0.00286363 0.00185605 0.0102819 0.00282124 0.00182702 0.0359678 0.0126831 0.00469973 0.00776028 0.00185478 0.00197175 0.019042 0.00470203 0.00287407 0.215091 0.220154
0.222685 0.0105167 0.00274057 0.0019436 0.0100939 0.0025626 0.00193129 0.0359083 0.0117691 0.00497017 0.00755961 0.00156792 0.00202077 0.0188981 0.00442194 0.00308517 0.220154 0.225217
0.227748 0.0103775 0.00246976 0.00190646 0.00995944 0.00238975 0.00189334 0.0354862 0.0112685 0.0052868 0.00742457 0.00145632 0.00199264 0.0187472 0.00383886 0.00317779 0.225217 0.230279
0.232810 0.0102909 0.00222946 0.00204381 0.00987801 0.00210313 0.00200035 0.0350887 0.0109266 0.00544981 0.00734774 0.00142358 0.00201745 0.0186329 0.00366113 0.00317791 0.230279 0.235342
0.237873 0.0101868 0.00226283 0.00207738 0.00977741 0.00206673 0.0020143 0.0347743 0.010394 0.00583448 0.00726282 0.00123655 0.00203071 0.0184745 0.00357542 0.00333196 0.235342 0.240404
0.242935 0.0101257 0.00205451 0.00203997 0.00972055 0.0018596 0.00193886 0.0344569 0.00932811 0.00625345 0.00721956 0.00127497 0.00205009 0.0183627 0.00326926 0.00326379 0.240404 0.245467
0.247998 0.0101399 0.00197438 0.00208668 0.00973811 0.00183729 0.00209008 0.0342691 0.00865357 0.00648349 0.00724318 0.0012387 0.00210121 0.0183502 0.00333062 0.00345254 0.245467 0.250529
0.253060 0.0100988 0.00188386 0.00207629 0.00970703 0.00173259 0.00205454 0.0336275 0.008174 0.00636122 0.00722869 0.00112069 0.00218362 0.0182337 0.00319299 0.00349162 0.250529 0.255592
0.258123 0.01012 0.00182924 0.00219418 0.00972295 0.00164655 0.0021838 0.0339663 0.00787916 0.00662794 0.00722959 0.00114482 0.00226023 0.0183125 0.00318379 0.00361741 0.255592 0.260654
0.263185 0.0100881 0.00176395 0.00225531 0.00969976 0.0016235 0.00222171 0.0334067 0.0078355 0.00644505 0.00723307 0.00114412 0.00228526 0.0181801 0.00314681 0.00374554 0.260654 0.265716
0.268248 0.0100684 0.00178223 0.00226384 0.00968564 0.00165977 0.00226802 0.0330565 0.00761011 0.00649611 0.00723561 0.00112554 0.00232274 0.0180976 0.00297815 0.00383385 0.265716 0.270779
0.273310 0.010102 0.00175023 0.0023438 0.00971599 0.00167052 0.00233453 0.0332831 0.00727705 0.00673158 0.00726755 0.00120531 0.00232494 0.0181358 0.00296583 0.00385044 0.270779 0.275842
0.278373 0.0101099 0.00169616 0.00244155 0.00972588 0.00159912 0.00244816 0.0331698 0.00713664 0.00687155 0.00727179 0.00120066 0.00236393 0.018154 0.00295166 0.00406659 0.275842 0.280904
0.283435 0.0102081 0.00174073 0.00257273 0.00982434 0.00168349 0.00254431 0.0332535 0.00679775 0.00722748 0.00734068 0.0011992 0.00241375 0.0183353 0.00284649 0.00432168 0.280904 0.285967
0.288498 0.0102109 0.00174216 0.00264154 0.00982577 0.00167742 0.00261741 0.0333399 0.00674529 0.00743796 0.00735241 0.00122406 0.00247181 0.0183129 0.00273341 0.00451949 0.285967 0.291029
0.293560 0.010286 0.00175878 0.00271934 0.00990138 0.00171123 0.00272862 0.0333844 0.00636945 0.00750641 0.00741504 0.00117398 0.00253639 0.0184233 0.00264584 0.00466591 0.291029 0.296091
0.298623 0.0103543 0.00175111 0.00283953 0.00996149 0.00161781 0.00275959 0.0339446 0.00601338 0.00781118 0.00746053 0.00127916 0.0026038 0.0185563 0.00271901 0.00475476 0.296091 0.301154
0.303685 0.0104323 0.0017652 0.00292562 0.0100381 0.00164023 0.0028649 0.0341074 0.00582152 0.00779003 0.00752689 0.00128847 0.00264539 0.0186672 0.00281923 0.0048078 0.301154 0.306217
0.308748 0.010514 0.00182453 0.00296455 0.0101172 0.001684 0.00294917 0.0343434 0.00554511 0.00827587 0.00760209 0.00122964 0.00270653 0.0187674 0.00282693 0.00494421 0.306217 0.311279
0.313810 0.0106196 0.00182762 0.00299166 0.0102187 0.00173503 0.00296558 0.0346962 0.00553151 0.00842517 0.0076761 0.00118146 0.00273475 0.0189623 0.00286204 0.00504928 0.311279 0.316341
0.318873 0.0107347 0.00193401 0.00308617 0.0103316 0.00177251 0.00300685 0.0349437 0.00592341 0.00842241 0.00776088 0.00117599 0.00277553 0.0191635 0.00282898 0.00506478 0.316341 0.321404
0.323935 0.0108236 0.00189531 0.00311659 0.0104141 0.00179566 0.00305694 0.0354157 0.00570439 0.00864424 0.00783447 0.0012053 0.00284406 0.0192959 0.00265306 0.00520222 0.321404 0.326466
0.328997 0.0109449 0.00197956 0.00318059 0.0105286 0.00183425 0.00311914 0.0359459 0.00556013 0.00881743 0.007929 0.00123545 0.00290007 0.0194931 0.00251977 0.00523214 0.326466 0.331528
0.334060 0.0111095 0.00194767 0.00325018 0.0106814 0.00186273 0.00318374 0.0368205 0.00526405 0.00908167 0.00804222 0.00125087 0.00295396 0.0198033 0.00267335 0.00539142 0.331528 0.336591
0.339122 0.0112394 0.00190205 0.00330405 0.0108041 0.00182995 0.00323759 0.0373831 0.00510567 0.00917166 0.00814616 0.00126056 0.00301654 0.0200067 0.00273569 0.005539 0.336591 0.341653
0.344185 0.0114226 0.00189968 0.00336091 0.0109825 0.00181356 0.0033018 0.0378518 0.00526746 0.00923484 0.00829106 0.00129696 0.00308709 0.0202983 0.00267187 0.00573 0.341653 0.346716
0.349247 0.0115951 0.00190953 0.00339657 0.011154 0.00182201 0.00332916 0.0380831 0.00553202 0.00904814 0.00842642 0.00130125 0.00313223 0.0205762 0.00259588 0.00585869 0.346716 0.351779
0.354310 0.0118743 0.00193962 0.00348309 0.0114224 0.00182838 0.00344459 0.039016 0.00547117 0.00924036 0.00862788 0.00129059 0.00319199 0.0210758 0.0025269 0.00605749 0.351779 0.356841
0.359372 0.0120517 0.00190707 0.00360326 0.0115952 0.00180125 0.00353226 0.0394636 0.00518885 0.00939529 0.0087572 0.00118943 0.00325026 0.0213894 0.00241164 0.00622518 0.356841 0.361903
0.364435 0.012267 0.00189101 0.00372993 0.0118088 0.00177108 0.00367144 0.0397865 0.00549141 0.00941719 0.00892217 0.0012186 0.00331607 0.0217476 0.00229606 0.00634465 0.361903 0.366966
0.369497 0.0124937 0.00187405 0.00380381 0.0120285 0.0017365 0.00380471 0.0404356 0.00559769 0.00967237 0.00909927 0.00126012 0.00338541 0.0221148 0.00225487 0.00643194 0.366966 0.372028
0.374560 0.0126948 0.00182905 0.00392276 0.0122234 0.00169117 0.00387076 0.041007 0.00541905 0.00987905 0.00926335 0.00118461 0.00345556 0.0224208 0.00208459 0.00655916 0.372028 0.377091
0.379622 0.0129116 0.00178409 0.00403783 0.0124317 0.00165194 0.00397804 0.0417284 0.00558025 0.0100238 0.00943751 0.00114373 0.00353552 0.0227583 0.00199322 0.00664981 0.377091 0.382154
0.384685 0.0131714 0.00173336 0.00413502 0.0126851 0.00161229 0.00407919 0.042376 0.00556624 0.00996315 0.00964582 0.00108596 0.00362636 0.0231642 0.00195403 0.00676567 0.382154 0.387216
0.389747 0.0134437 0.00166512 0.00423672 0.0129424 0.00154531 0.00414678 0.0435465 0.00563486 0.0102526 0.00984697 0.00107254 0.00370913 0.0236379 0.00181802 0.0069165 0.387216 0.392278
0.394810 0.0137383 0.00158684 0.00433698 0.0132222 0.00147571 0.00421869 0.0447367 0.00560162 0.0106147 0.0100734 0.00107767 0.00377884 0.0241261 0.00174272 0.00706057 0.392278 0.397341
0.399872 0.0140544 0.00151371 0.00441704 0.0135319 0.00140731 0.00432041 0.0454307 0.00561592 0.0108086 0.0103244 0.00106496 0.00387713 0.0246265 0.00167651 0.00719637 0.397341 0.402404
0.404935 0.0143612 0.00142378 0.00452882 0.0138352 0.00133819 0.00439368 0.045949 0.00576015 0.0111207 0.0105631 0.000974325 0.00396853 0.0251262 0.00161471 0.00736592 0.402404 0.407466
0.409997 0.0146663 0.00140567 0.00458122 0.0141361 0.00130815 0.00446373 0.0465064 0.00613765 0.0111674 0.0108027 0.000879615 0.00405663 0.0256171 0.0014474 0.00751934 0.407466 0.412529
0.415060 0.0149873 0.00131003 0.00470644 0.0144403 0.00122403 0.00462051 0.0478407 0.00643986 0.0115467 0.0110534 0.000926865 0.00415225 0.0261376 0.00136602 0.00765017 0.412529 0.417591
0.420122 0.015299 0.00123018 0.00479716 0.0147478 0.00120861 0.00471595 0.0483998 0.00646132 0.0117278 0.011306 0.000900334 0.00426805 0.0266163 0.0014424 0.00765343 0.417591 0.422653
0.425185 0.0157177 0.00121872 0.00484352 0.0151526 0.00119367 0.0048262 0.0496532 0.00656859 0.0120101 0.0116533 0.000843291 0.00436959 0.0272373 0.00138953 0.00775611 0.422653 0.427716
0.430247 0.0160751 0.00114515 0.00487634 0.0155068 0.00109536 0.0048746 0.050206 0.00680661 0.0120626 0.0119517 0.000775379 0.0044335 0.0277624 0.00133169 0.00786149 0.427716 0.432779
0.435310 0.0164011 0.00108155 0.00490806 0.015818 0.0010163 0.00488866 0.0514184 0.00668749 0.0126222 0.0122168 0.000751762 0.00452182 0.0282608 0.00133144 0.00794241 0.432779 0.437841
0.440372 0.0167922 0.00105077 0.00502691 0.0162022 0.000982106 0.00499833 0.0522235 0.00693668 0.0128612 0.0125281 0.00068175 0.00462637 0.0288782 0.00137845 0.0080465 0.437841 0.442903
0.445435 0.0171931 0.00106005 0.00508455 0.0165758 0.00103101 0.00503914 0.0542651 0.00688915 0.0137052 0.0128298 0.000745696 0.00471833 0.0295603 0.00139369 0.00815451 0.442903 0.447966
0.450497 0.0175411 0.00102116 0.00518679 0.0169183 0.00104563 0.00511831 0.054943 0.00732332 0.013708 0.0131046 0.000722313 0.00480381 0.0301155 0.00124426 0.00822893 0.447966 0.453029
0.455560 0.0179492 0.00100479 0.00531608 0.0173141 0.0010114 0.00521575 0.0560924 0.00732296 0.014438 0.0134344 0.000634666 0.00489184 0.0307456 0.00128064 0.00834469 0.453029 0.458091
0.460622 0.0183605 0.000868099 0.00544052 0.0177108 0.000894928 0.0053726 0.0573778 0.00780134 0.0150119 0.0137694 0.000574325 0.00500485 0.0313735 0.00125079 0.00853051 0.458091 0.463154
0.465685 0.0187701 0.000813462 0.0055581 0.0181115 0.000824371 0.00549041 0.0583207 0.00800607 0.0153246 0.0140996 0.000522931 0.00511368 0.0320079 0.00118229 0.00872126 0.463154 0.468216
0.470747 0.0191776 0.000861073 0.00568703 0.0185081 0.000762742 0.00561057 0.0593876 0.00786113 0.0157292 0.0144313 0.000470142 0.00522471 0.0326304 0.00112212 0.00889349 0.468216 0.473278
0.475810 0.0195881 0.000896808 0.00580228 0.0189074 0.000808645 0.00576318 0.0604688 0.00810488 0.0157954 0.0147445 0.000492171 0.00533368 0.0333165 0.000886731 0.00910421 0.473278 0.478341
0.480872 0.0200264 0.000853477 0.00593132 0.0193302 0.000793369 0.00582872 0.0618375 0.00821983 0.0162099 0.0151007 0.000502129 0.00547311 0.0339875 0.00068403 0.00926374 0.478341 0.483404
0.485935 0.0205021 0.000860138 0.00599418 0.0197914 0.000788769 0.0059219 0.0631853 0.00834607 0.0164413 0.0154639 0.000458877 0.00556759 0.034782 0.000692811 0.00949848 0.483404 0.488466
0.490997 0.0209401 0.00078862 0.00609132 0.0202171 0.000776919 0.00594307 0.0643609 0.0085581 0.016743 0.015824 0.00045475 0.00567254 0.0354409 0.000815775 0.00965676 0.488466 0.493528
0.496060 0.0214118 0.000691017 0.00617158 0.0206689 0.000678804 0.00604172 0.0660239 0.00850181 0.0176525 0.0161936 0.000451814 0.0057901 0.0362021 0.000775434 0.00988186 0.493528 0.498591
0.501122 0.0218479 0.000607492 0.00628442 0.0211018 0.000604728 0.00613815 0.0666566 0.00848879 0.0176532 0.016557 0.000416927 0.00590392 0.0368442 0.000757597 0.0100467 0.498591 0.503654
0.506185 0.0222736 0.000646112 0.00637082 0.0215161 0.000654718 0.00619257 0.0677624 0.00915916 0.0178219 0.0169434 0.000351036 0.00604062 0.0373813 0.000945695 0.00994519 0.503654 0.508716
0.511247 0.0227009 0.000600049 0.00649471 0.0219403 0.000579562 0.00630961 0.0683806 0.00889671 0.0181316 0.0173038 0.00036451 0.00617141 0.0379983 0.000946671 0.0100772 0.508716 0.513778
0.516310 0.0231608 0.000637358 0.00661597 0.0224176 0.000539452 0.00646361 0.0677924 0.00956672 0.0172323 0.0176942 0.000313031 0.00631124 0.038655 0.00105557 0.0102586 0.513778 0.518841
0.521372 0.0236993 0.000684824 0.00667829 0.0229645 0.00055035 0.00659788 0.0678288 0.00930366 0.0171689 0.018154 0.000231735 0.00647277 0.0394166 0.00112441 0.010496 0.518841 0.523903
0.526435 0.0241515 0.000728067 0.00676837 0.0234133 0.000561204 0.00668606 0.0684838 0.00999644 0.0174734 0.0185352 0.000191852 0.0065693 0.04007 0.00120528 0.0106575 0.523903 0.528966
0.531497 0.0245987 0.000715679 0.0068299 0.0238659 0.000576476 0.00677151 0.0686077 0.00992966 0.0175292 0.0189006 6.96313e-05 0.00662785 0.0407491 0.00130048 0.0107223 0.528966 0.534029
0.536560 0.0250624 0.000747506 0.00694425 0.0243493 0.000594836 0.00683756 0.0678863 0.00991791 0.0172075 0.0193036 3.17208e-06 0.00674934 0.041385 0.0013333 0.0107771 0.534029 0.539091
0.541622 0.0255463 0.000791205 0.0070591 0.0248284 0.000671335 0.00692783 0.0686618 0.0101508 0.0175835 0.0197017 0 0.00686915 0.0421121 0.00144136 0.0109856 0.539091 0.544153
0.546685 0.0258559 0.000754653 0.00715541 0.025145 0.00062266 0.00705353 0.0685492 0.00967791 0.0176478 0.0199499 0 0.00693834 0.0425955 0.00148569 0.0111283 0.544153 0.549216
0.551747 0.0262819 0.000765411 0.00725539 0.025584 0.000636643 0.00720736 0.0681934 0.00971873 0.0176757 0.0203348 0 0.00705391 0.0431381 0.00153892 0.0112798 0.549216 0.554278
0.556810 0.0267376 0.000787474 0.0073861 0.0260537 0.000651138 0.00726971 0.0678076 0.0103546 0.017423 0.0207157 -3.87151e-05 0.00716589 0.0438055 0.00162927 0.0113797 0.554278 0.559341
0.561872 0.0271714 0.000776675 0.00749929 0.0265092 0.000666734 0.00744736 0.0669395 0.0103144 0.0169046 0.0210919 0 0.00727522 0.0444028 0.00171 0.0114692 0.559341 0.564404
0.566935 0.0275982 0.000816731 0.00767562 0.0269617 0.000643307 0.00762543 0.0658181 0.0104897 0.0158652 0.0214959 -0.000142133 0.00738175 0.0448941 0.00172202 0.0115525 0.564404 0.569466
0.571997 0.0282019 0.000844784 0.00789339 0.0275775 0.000693873 0.00783513 0.0656972 0.010756 0.0156494 0.0220244 -0.000170175 0.00753519 0.0457111 0.00168889 0.0116745 0.569466 0.574528
0.577060 0.0286555 0.0008552 0.0080975 0.0280472 0.000734542 0.00796656 0.0651874 0.00977819 0.0157352 0.022439 -0.000168769 0.00764476 0.0462751 0.00144407 0.0116762 0.574528 0.579592
0.582123 0.0291119 0.000896376 0.00821675 0.0285259 0.000796681 0.00816106 0.0643008 0.00929637 0.0154602 0.0228307 -0.000247939 0.00774621 0.0469149 0.00148762 0.0116705 0.579592 0.584654
0.587185 0.0295368 0.0009175 0.00831804 0.0289787 0.00082046 0.00827198 0.0630572 0.00928287 0.0151826 0.0232027 -0.000236189 0.00786854 0.0474899 0.00148496 0.0118419 0.584654 0.589717
0.592248 0.0299665 0.000906276 0.00841935 0.0294259 0.000808604 0.00837608 0.0624311 0.00923681 0.0149431 0.0235724 -0.000245295 0.00799648 0.0480896 0.00155051 0.0119968 0.589717 0.594779
0.597310 0.0302867 0.000921527 0.00848702 0.0297931 0.00088948 0.00846174 0.0599306 0.00922858 0.0142647 0.0239093 -0.000217233 0.00806014 0.0483623 0.0016489 0.0120059 0.594779 0.599841
0.602373 0.0307286 0.000948539 0.00857646 0.0302783 0.000898782 0.0085677 0.057766 0.00931521 0.0136107 0.0243059 -0.000209033 0.00814679 0.0489326 0.00182588 0.0120968 0.599841 0.604904
0.607435 0.0310678 0.000988537 0.00862276 0.0306534 0.000872403 0.00862323 0.0559497 0.0087752 0.0133938 0.0246247 -0.000204191 0.00819939 0.0493295 0.00193535 0.0122025 0.604904 0.609967
0.612498 0.0314123 0.000967499 0.00860645 0.0310404 0.000871249 0.00869032 0.0537462 0.00791728 0.0128408 0.0249551 -0.000221984 0.00827783 0.0497143 0.00198487 0.0124056 0.609967 0.615029
0.617560 0.0316749 0.00100295 0.00851919 0.0313625 0.000890248 0.00860718 0.0504361 0.00831467 0.0117714 0.0252792 -0.000218367 0.00835172 0.0498026 0.00208439 0.0123929 0.615029 0.620092
0.622623 0.0319967 0.00100202 0.00850097 0.0317471 0.000889301 0.00860934 0.0469837 0.00835528 0.0107576 0.0256193 -0.000200482 0.00842793 0.0500723 0.00206022 0.012473 0.620092 0.625154
0.627685 0.032286 0.00101919 0.00855125 0.0321059 0.000914294 0.00864802 0.0431016 0.00762431 0.00960521 0.0259646 -0.000198519 0.00849872 0.0502032 0.00223515 0.0124727 0.625154 0.630216
0.632748 0.0326273 0.00114777 0.00861894 0.032502 0.00101076 0.00872419 0.0401461 0.00707288 0.00890605 0.0262965 -0.000201169 0.00856083 0.0505707 0.00214547 0.012546 0.630216 0.635279
0.637810 0.0329523 0.00127682 0.00869849 0.0328828 0.00120759 0.00883826 0.0371267 0.00677714 0.00797205 0.0266072 -0.000204101 0.00861101 0.0509364 0.00227262 0.0125809 0.635279 0.640342
0.642873 0.033254 0.00132883 0.00879542 0.0332361 0.00137234 0.00885293 0.0343295 0.00622569 0.00748367 0.026877 -0.000116365 0.00864562 0.0513284 0.00241226 0.0126497 0.640342 0.645404
0.647935 0.0335517 0.00137657 0.00878606 0.0336033 0.00143312 0.00899375 0.0304527 0.00564483 0.00639107 0.0272008 -4.7313e-05 0.0087157 0.0515526 0.00249309 0.0126989 0.645404 0.650466
0.652998 0.0336957 0.00139558 0.00877199 0.0338218 0.00145846 0.00895407 0.0261241 0.0049039 0.00565804 0.0273856 -6.70794e-05 0.00872108 0.0515808 0.00253321 0.0128058 0.650466 0.655529
0.658060 0.0339373 0.00144619 0.00879018 0.0341324 0.00152136 0.00891044 0.0222231 0.00393707 0.00467917 0.0276746 -2.46558e-05 0.00878009 0.0516882 0.00273856 0.0126425 0.655529 0.660591
0.663123 0.0341379 0.00148017 0.00881328 0.0344075 0.00157268 0.00897348 0.017946 0.00328154 0.00374061 0.0279463 0 0.00883346 0.0516869 0.0027816 0.0125517 0.660591 0.665654
0.668185 0.0344101 0.00164315 0.00884465 0.0347649 0.00163013 0.00904623 0.013101 0.00251248 0.00257462 0.0282718 0 0.00899274 0.0518081 0.00293417 0.0123411 0.665654 0.670717
0.673248 0.0345265 0.00159626 0.00896165 0.0349737 0.00166678 0.00911265 0.00766535 0.00159948 0.00146918 0.0285335 9.5671e-05 0.00911945 0.0515126 0.00300403 0.0123012 0.670717 0.675779
0.678310 0.0347068 0.00158526 0.00903266 0.0352767 0.00172281 0.00922438 0.000477566 8.19384e-05 9.05586e-05 0.0287688 0.00013341 0.00919 0.0515369 0.00298156 0.0122831 0.675779 0.680841
0.684006 0 0 0 0 0 0 0 0 0 0 0 0 0 0 0 0.680841 0.687170
0.690967 0 0 0 0 0 0 0 0 0 0 0 0 0 0 0 0.687170 0.694764
0.698560 0 0 0 0 0 0 0 0 0 0 0 0 0 0 0 0.694764 0.702357
0.706154 0 0 0 0 0 0 0 0 0 0 0 0 0 0 0 0.702357 0.709951
0.713748 0 0 0 0 0 0 0 0 0 0 0 0 0 0 0 0.709951 0.717545
0.721342 0 0 0 0 0 0 0 0 0 0 0 0 0 0 0 0.717545 0.725139
0.728935 0 0 0 0 0 0 0 0 0 0 0 0 0 0 0 0.725139 0.732732
0.736529 0 0 0 0 0 0 0 0 0 0 0 0 0 0 0 0.732732 0.740326
0.744123 0 0 0 0 0 0 0 0 0 0 0 0 0 0 0 0.740326 0.747920
0.751717 0 0 0 0 0 0 0 0 0 0 0 0 0 0 0 0.747920 0.755513
0.759310 0 0 0 0 0 0 0 0 0 0 0 0 0 0 0 0.755513 0.763107
0.766904 0 0 0 0 0 0 0 0 0 0 0 0 0 0 0 0.763107 0.770701
0.774498 0 0 0 0 0 0 0 0 0 0 0 0 0 0 0 0.770701 0.778295
0.782092 0 0 0 0 0 0 0 0 0 0 0 0 0 0 0 0.778295 0.785888
0.789685 0 0 0 0 0 0 0 0 0 0 0 0 0 0 0 0.785888 0.793482
0.797279 0 0 0 0 0 0 0 0 0 0 0 0 0 0 0 0.793482 0.801076
0.804873 0 0 0 0 0 0 0 0 0 0 0 0 0 0 0 0.801076 0.808670
0.812467 0 0 0 0 0 0 0 0 0 0 0 0 0 0 0 0.808670 0.816263
0.820060 0 0 0 0 0 0 0 0 0 0 0 0 0 0 0 0.816263 0.823857
0.827654 0 0 0 0 0 0 0 0 0 0 0 0 0 0 0 0.823857 0.831451
0.835248 0 0 0 0 0 0 0 0 0 0 0 0 0 0 0 0.831451 0.839045
0.842842 0 0 0 0 0 0 0 0 0 0 0 0 0 0 0 0.839045 0.846639
0.850435 0 0 0 0 0 0 0 0 0 0 0 0 0 0 0 0.846639 0.854232
0.858029 0 0 0 0 0 0 0 0 0 0 0 0 0 0 0 0.854232 0.861826
0.865623 0 0 0 0 0 0 0 0 0 0 0 0 0 0 0 0.861826 0.869420
0.873217 0 0 0 0 0 0 0 0 0 0 0 0 0 0 0 0.869420 0.877014
0.880810 0 0 0 0 0 0 0 0 0 0 0 0 0 0 0 0.877014 0.884607
0.888404 0 0 0 0 0 0 0 0 0 0 0 0 0 0 0 0.884607 0.892201
0.895998 0 0 0 0 0 0 0 0 0 0 0 0 0 0 0 0.892201 0.899795
0.903592 0 0 0 0 0 0 0 0 0 0 0 0 0 0 0 0.899795 0.907389
0.911185 0 0 0 0 0 0 0 0 0 0 0 0 0 0 0 0.907389 0.914982
0.918779 0 0 0 0 0 0 0 0 0 0 0 0 0 0 0 0.914982 0.922576
0.926373 0 0 0 0 0 0 0 0 0 0 0 0 0 0 0 0.922576 0.930170
0.933967 0 0 0 0 0 0 0 0 0 0 0 0 0 0 0 0.930170 0.937763
0.941560 0 0 0 0 0 0 0 0 0 0 0 0 0 0 0 0.937763 0.945357
0.949154 0 0 0 0 0 0 0 0 0 0 0 0 0 0 0 0.945357 0.952951
0.956748 0 0 0 0 0 0 0 0 0 0 0 0 0 0 0 0.952951 0.960545
0.964342 0 0 0 0 0 0 0 0 0 0 0 0 0 0 0 0.960545 0.968138
0.971935 0 0 0 0 0 0 0 0 0 0 0 0 0 0 0 0.968138 0.975732
0.979529 0 0 0 0 0 0 0 0 0 0 0 0 0 0 0 0.975732 0.983326
0.987123 0 0 0 0 0 0 0 0 0 0 0 0 0 0 0 0.983326 0.990920
0.994717 0 0 0 0 0 0 0 0 0 0 0 0 0 0 0 0.990920 0.998514
1.000412 0 0 0 0 0 0 0 0 0 0 0 0 0 0 0 0.998514 1.002310
