#Peak halo mass range: 11.375 < log10(Mh/Msun) < 11.625
#Quenched threshold: True SFR / True SM < 1e-11 / yr
#True SFHs in units of Msun/yr.
#See documentation for explanation of true vs. observed SFRs and SMs.
#Bestfit halos in bin: 172232
#Bestfit SF halos in bin: 164852
#Bestfit Q halos in bin: 7380
#Bestfit central halos in bin: 134958
#Bestfit satellite halos in bin: 37274
#Avg_scale_factor <SFH_all> Err+ Err- <SFH_SF> Err+ Err- <SFH_Q> Err+ Err- <SFH_Cen> Err+ Err- <SFH_Sat> Err+ Err- Scale_factor_begin Scale_factor_end
0.028936 1.23347e-11 2.00762e-07 1.23282e-11 1.28869e-11 7.32414e-08 1.28869e-11 0 1.13636e-06 0 0 0 0 5.69949e-11 8.48304e-07 5.69685e-11 0.000000 0.057873
0.059561 5.71319e-06 3.82368e-05 5.63347e-06 5.42065e-06 3.45285e-05 5.36045e-06 1.22479e-05 0.000152001 1.22136e-05 2.14421e-06 1.74808e-05 2.11454e-06 1.86354e-05 0.000112862 1.8426e-05 0.057873 0.061248
0.062373 4.49929e-05 0.00010706 4.38722e-05 4.1008e-05 8.06881e-05 4.01445e-05 0.000134006 0.000559276 0.000126645 2.729e-05 2.66014e-05 2.67713e-05 0.00010909 0.000340414 0.000105716 0.061248 0.063498
0.064623 0.000179668 0.000286184 0.000164598 0.000167017 0.000208083 0.000154648 0.000462257 0.00145967 0.000407719 0.000105189 0.000115404 9.85381e-05 0.000449334 0.000696267 0.000409953 0.063498 0.065748
0.066873 0.000439946 0.000411305 0.000379505 0.000416706 0.000363296 0.000363815 0.000959071 0.00210346 0.000699576 0.000279551 0.000191681 0.000242572 0.00102069 0.000967678 0.0008834 0.065748 0.067998
0.069123 0.00103626 0.000541447 0.000845494 0.000972189 0.000469129 0.000801367 0.00246741 0.00299355 0.00168206 0.000653627 0.000327123 0.000530695 0.00242165 0.00130715 0.00197036 0.067998 0.070248
0.071373 0.00188749 0.000990861 0.00139302 0.00175643 0.000845729 0.00129832 0.00481509 0.00355379 0.00322493 0.00125659 0.000517649 0.000956045 0.00417181 0.00224172 0.00309997 0.070248 0.072498
0.073623 0.00310559 0.0017077 0.00203725 0.00287292 0.00143469 0.00192402 0.00830304 0.00707356 0.00470161 0.00201271 0.00103899 0.00137576 0.0070626 0.00367392 0.00465981 0.072498 0.074748
0.075873 0.00456584 0.0029164 0.00272534 0.00417502 0.00254933 0.00253481 0.0132958 0.012392 0.0061395 0.00309747 0.00184954 0.00194177 0.00988233 0.00647911 0.0058026 0.074748 0.076998
0.078123 0.00657473 0.00475334 0.00355923 0.0059883 0.00421021 0.00339567 0.0196742 0.0208125 0.00746867 0.00441923 0.00285057 0.00258403 0.0143791 0.0093808 0.00742867 0.076998 0.079248
0.080373 0.00885584 0.00625916 0.00457789 0.00819355 0.0056712 0.00429759 0.0236499 0.0234457 0.00915383 0.00631442 0.00416455 0.003415 0.0180576 0.0125188 0.00902743 0.079248 0.081498
0.082904 0.0115088 0.00707897 0.00563426 0.010769 0.00680821 0.00520791 0.0280325 0.0257195 0.0110321 0.00833841 0.00507389 0.00423651 0.0229876 0.0134415 0.0108928 0.081498 0.084311
0.085998 0.0183604 0.0107405 0.00765854 0.0173327 0.0103109 0.00731597 0.0413155 0.0368118 0.0141798 0.0139189 0.00815292 0.00624474 0.0344417 0.0185234 0.014445 0.084311 0.087685
0.089373 0.0254895 0.015109 0.00931789 0.0241771 0.0141901 0.00949378 0.0548059 0.0408173 0.0159914 0.0197894 0.0109756 0.00800111 0.0461277 0.0234585 0.0164625 0.087685 0.091061
0.092748 0.0342848 0.0189096 0.0112308 0.0325394 0.0180847 0.0113055 0.073274 0.0523738 0.0160796 0.027067 0.0153625 0.0100452 0.0604184 0.0303124 0.0189535 0.091061 0.094435
0.096123 0.0448044 0.0236402 0.0144648 0.0426863 0.0229489 0.0146196 0.0921178 0.0628634 0.0179867 0.0359174 0.0185919 0.0133574 0.0769816 0.0377006 0.0223852 0.094435 0.097811
0.099498 0.0564907 0.0260649 0.0181095 0.054282 0.0259818 0.0179255 0.105827 0.06625 0.0176506 0.0457885 0.021464 0.0162059 0.09524 0.0412814 0.0283581 0.097811 0.101186
0.102873 0.0684314 0.0298391 0.0200299 0.0658045 0.0277313 0.0196997 0.127109 0.0797465 0.0151592 0.0556739 0.0242559 0.0179554 0.114622 0.0446716 0.0305354 0.101186 0.104560
0.106248 0.0812714 0.0322831 0.0215938 0.0779363 0.0304146 0.0208648 0.15577 0.0913649 0.0224897 0.0660456 0.0268744 0.0194565 0.1364 0.047055 0.0345525 0.104560 0.107936
0.109623 0.0951103 0.0356474 0.0225868 0.0911517 0.0330146 0.0215342 0.183535 0.107071 0.0212096 0.0772863 0.0291121 0.0204328 0.159646 0.0508912 0.0348324 0.107936 0.111310
0.112998 0.109011 0.0365328 0.0223075 0.104248 0.0350958 0.0221117 0.215408 0.116117 0.0225218 0.088374 0.0286471 0.0219839 0.183733 0.0516542 0.0364866 0.111310 0.114686
0.116373 0.123104 0.0367662 0.0239788 0.117367 0.0349784 0.0232398 0.251257 0.142623 0.0216405 0.0990327 0.0296132 0.0225688 0.210261 0.0535772 0.0384085 0.114686 0.118060
0.119748 0.13729 0.0379753 0.0263395 0.130679 0.0375678 0.02491 0.284973 0.157872 0.0167945 0.109806 0.0311536 0.022923 0.2368 0.0548197 0.0367054 0.118060 0.121435
0.123123 0.150772 0.0408525 0.0266025 0.143184 0.0380443 0.0243829 0.320271 0.185407 0.0141388 0.120053 0.0304905 0.0231771 0.261998 0.0584528 0.0366074 0.121435 0.124811
0.126498 0.16336 0.0411032 0.0243642 0.155299 0.038161 0.0228148 0.343421 0.200127 0.0210283 0.129689 0.0302994 0.0234723 0.285274 0.0638735 0.035612 0.124811 0.128185
0.129873 0.178275 0.044537 0.0227218 0.169237 0.040102 0.0238995 0.380152 0.212377 0.0239927 0.141277 0.0317722 0.0253542 0.312233 0.0667577 0.0383143 0.128185 0.131561
0.133248 0.193384 0.0473817 0.0244603 0.182909 0.0431 0.0249893 0.42738 0.233163 0.0316437 0.152656 0.0322351 0.0255719 0.340848 0.0668613 0.0387786 0.131561 0.134935
0.137045 0.207991 0.049253 0.0249533 0.196579 0.0463643 0.0255638 0.462904 0.253576 0.038886 0.163845 0.0351118 0.0257738 0.367832 0.0659567 0.0411879 0.134935 0.139154
0.141685 0.22986 0.0506111 0.0258348 0.216371 0.0498591 0.0249944 0.531174 0.304573 0.0530208 0.180554 0.0365865 0.0269067 0.408384 0.0753353 0.0429254 0.139154 0.144217
0.146748 0.249414 0.0520134 0.0253312 0.235182 0.0520866 0.0266218 0.567314 0.3339 0.0471196 0.194903 0.0363098 0.0281438 0.446779 0.0778641 0.0477214 0.144217 0.149279
0.151810 0.268722 0.0536785 0.027018 0.253434 0.0532607 0.0290756 0.610215 0.336987 0.0515786 0.209115 0.035732 0.0309522 0.484543 0.0803098 0.0509628 0.149279 0.154342
0.156873 0.286848 0.0536132 0.0291486 0.269917 0.0526328 0.0318563 0.665054 0.374755 0.0641199 0.222364 0.0378823 0.0328805 0.520324 0.0838884 0.0545106 0.154342 0.159404
0.161935 0.305287 0.0535513 0.032992 0.287018 0.0516217 0.0349062 0.713374 0.432054 0.0715378 0.234653 0.0374569 0.0355552 0.56103 0.090394 0.0593715 0.159404 0.164467
0.166998 0.324461 0.057088 0.037062 0.303503 0.0502768 0.0390009 0.792605 0.447412 0.0852435 0.247227 0.0361117 0.0380389 0.6041 0.0898716 0.0685679 0.164467 0.169529
0.172060 0.341935 0.0575638 0.0420173 0.319049 0.0499904 0.0437695 0.853141 0.474451 0.117073 0.258786 0.0380571 0.0431555 0.642992 0.0926887 0.0796927 0.169529 0.174591
0.177123 0.356298 0.0587524 0.0449936 0.333198 0.0497841 0.0455413 0.872294 0.484927 0.122291 0.269558 0.0362878 0.0464549 0.670355 0.0921779 0.0848541 0.174591 0.179654
0.182185 0.370806 0.0555011 0.0475482 0.34799 0.0503719 0.0468532 0.880455 0.474198 0.111352 0.280027 0.0345637 0.0499094 0.699489 0.0873882 0.0903488 0.179654 0.184716
0.187248 0.384813 0.0606558 0.0505903 0.360946 0.0500258 0.0508917 0.917941 0.480726 0.117328 0.290214 0.0350851 0.0514094 0.727328 0.0864332 0.0971109 0.184716 0.189779
0.192310 0.400484 0.0576089 0.0555055 0.37593 0.0478801 0.0549746 0.948969 0.465988 0.125652 0.301479 0.0344944 0.0546928 0.758953 0.0900621 0.111537 0.189779 0.194842
0.197373 0.413448 0.0521265 0.0596904 0.388535 0.0446049 0.0601189 0.969952 0.430085 0.136765 0.310776 0.0316353 0.0577447 0.785193 0.0906574 0.120687 0.194842 0.199904
0.202435 0.429861 0.0478545 0.0656022 0.404126 0.0446792 0.0643673 1.00473 0.404583 0.145846 0.322994 0.0322531 0.0641451 0.816795 0.0778935 0.13209 0.199904 0.204967
0.207498 0.444839 0.0468224 0.0708847 0.419163 0.0438504 0.0671036 1.01837 0.385976 0.150405 0.334959 0.0308483 0.0685071 0.84268 0.0740668 0.136899 0.204967 0.210029
0.212560 0.461377 0.045337 0.0777994 0.436442 0.0419129 0.0723583 1.01837 0.403115 0.144471 0.347874 0.0283814 0.0723503 0.872339 0.0728228 0.149839 0.210029 0.215091
0.217623 0.476514 0.0407864 0.0840123 0.450564 0.0365999 0.0787771 1.05616 0.398094 0.171529 0.361322 0.0298681 0.0750184 0.893588 0.0631889 0.164448 0.215091 0.220154
0.222685 0.493069 0.0375144 0.0895031 0.466584 0.0377457 0.0838844 1.08468 0.38589 0.188411 0.375305 0.0295622 0.0771052 0.919459 0.0611284 0.178905 0.220154 0.225217
0.227748 0.509138 0.038973 0.0958768 0.481766 0.0398722 0.0911695 1.12057 0.377969 0.200057 0.389405 0.0287598 0.0819305 0.942655 0.0629858 0.188491 0.225217 0.230279
0.232810 0.527962 0.0409856 0.102994 0.499865 0.0408784 0.0986583 1.15559 0.372049 0.209613 0.406054 0.0262397 0.0863615 0.969352 0.067027 0.198396 0.230279 0.235342
0.237873 0.547035 0.0431233 0.110407 0.518183 0.03872 0.106333 1.19151 0.369774 0.217701 0.42334 0.0263013 0.0925854 0.994895 0.0601644 0.208642 0.235342 0.240404
0.242935 0.565201 0.039512 0.116888 0.536985 0.0364338 0.111314 1.19549 0.344391 0.225475 0.442746 0.027494 0.10043 1.00857 0.0637437 0.212949 0.240404 0.245467
0.247998 0.583056 0.0376704 0.121585 0.55501 0.0383383 0.115662 1.20953 0.349139 0.233176 0.460556 0.0240983 0.106551 1.02659 0.0751681 0.220411 0.245467 0.250529
0.253060 0.604182 0.0403597 0.128246 0.576063 0.0424228 0.121928 1.23228 0.344965 0.237883 0.481112 0.0258798 0.113154 1.04978 0.0778795 0.230281 0.250529 0.255592
0.258123 0.624878 0.0472323 0.134902 0.596572 0.0451493 0.129521 1.25718 0.352122 0.25507 0.501362 0.0273832 0.117398 1.07209 0.0758088 0.239653 0.255592 0.260654
0.263185 0.645731 0.0468923 0.140712 0.618115 0.0474154 0.135956 1.26261 0.359825 0.260819 0.522496 0.0284137 0.124951 1.09193 0.0768559 0.248966 0.260654 0.265716
0.268248 0.665668 0.049875 0.14934 0.638585 0.0487007 0.141604 1.27064 0.345513 0.260585 0.543253 0.0318841 0.132554 1.1089 0.0817617 0.255008 0.265716 0.270779
0.273310 0.685758 0.0558156 0.152415 0.658888 0.0538456 0.146176 1.28597 0.366663 0.261148 0.565103 0.0375906 0.137383 1.12261 0.0840644 0.25596 0.270779 0.275842
0.278373 0.709055 0.0555018 0.161523 0.682474 0.0546383 0.152347 1.30283 0.367543 0.264634 0.587726 0.0380021 0.144952 1.14835 0.0868409 0.264588 0.275842 0.280904
0.283435 0.729915 0.0514711 0.167521 0.703754 0.0527562 0.158476 1.31429 0.366556 0.264177 0.608962 0.0413089 0.151057 1.16785 0.0895132 0.273863 0.280904 0.285967
0.288498 0.756859 0.0550235 0.176904 0.73081 0.0569816 0.16656 1.33874 0.37614 0.27084 0.634908 0.0409647 0.157713 1.1984 0.0984609 0.283484 0.285967 0.291029
0.293560 0.780426 0.0600527 0.180406 0.754542 0.0617052 0.174358 1.35862 0.374876 0.276888 0.659703 0.0405325 0.163578 1.21753 0.106064 0.28907 0.291029 0.296091
0.298623 0.808751 0.0591447 0.188652 0.783118 0.0629495 0.181199 1.38134 0.394867 0.27073 0.686589 0.0413706 0.168309 1.25106 0.102776 0.291849 0.296091 0.301154
0.303685 0.834277 0.0625742 0.193705 0.81053 0.0701013 0.186906 1.36473 0.392191 0.267366 0.71305 0.0467094 0.174327 1.2732 0.112852 0.291647 0.301154 0.306217
0.308748 0.864541 0.0693694 0.198213 0.841495 0.0767941 0.193783 1.37933 0.40121 0.270611 0.742184 0.0487869 0.180724 1.30755 0.109784 0.308646 0.306217 0.311279
0.313810 0.894503 0.0759258 0.202297 0.874116 0.0759022 0.200958 1.3499 0.386184 0.240376 0.771605 0.0539434 0.186012 1.33948 0.110264 0.311454 0.311279 0.316341
0.318873 0.923928 0.0766567 0.209403 0.905909 0.0741729 0.207488 1.32643 0.380833 0.232131 0.802083 0.0560386 0.191054 1.36509 0.0972682 0.317601 0.316341 0.321404
0.323935 0.955502 0.0747097 0.214997 0.940628 0.0724833 0.213078 1.28774 0.366116 0.208956 0.833651 0.0594431 0.196318 1.39669 0.0926965 0.325592 0.321404 0.326466
0.328997 0.990407 0.0753087 0.220306 0.978458 0.0705185 0.221303 1.25732 0.353503 0.188274 0.865864 0.0637571 0.200286 1.44134 0.101478 0.344427 0.326466 0.331528
0.334060 1.02682 0.0789584 0.225418 1.01792 0.0771716 0.225934 1.22567 0.329116 0.196136 0.901569 0.0679635 0.206997 1.4803 0.0953535 0.348271 0.331528 0.336591
0.339122 1.06604 0.0813303 0.234019 1.06164 0.084204 0.235881 1.16422 0.332624 0.203763 0.938531 0.0708529 0.215153 1.52769 0.0979764 0.366287 0.336591 0.341653
0.344185 1.10413 0.0846721 0.24188 1.10584 0.0866042 0.24674 1.06593 0.311037 0.185128 0.976489 0.0822843 0.225481 1.56628 0.0973511 0.370739 0.341653 0.346716
0.349247 1.14711 0.0877354 0.244651 1.15515 0.0914052 0.257903 0.967455 0.306154 0.176676 1.01703 0.0843743 0.236233 1.61809 0.102377 0.389838 0.346716 0.351779
0.354310 1.19023 0.099033 0.257372 1.20612 0.0945858 0.271841 0.835361 0.276118 0.162127 1.05961 0.0819114 0.245358 1.66318 0.116167 0.408027 0.351779 0.356841
0.359372 1.24412 0.0961814 0.272245 1.26814 0.0868227 0.289499 0.707477 0.199299 0.153256 1.11169 0.087044 0.257962 1.7236 0.12002 0.432936 0.356841 0.361903
0.364435 1.30336 0.0957878 0.288358 1.33719 0.0861113 0.310032 0.547602 0.178139 0.128238 1.16633 0.0916057 0.268133 1.79949 0.108853 0.47412 0.361903 0.366966
0.369497 1.36308 0.100907 0.305028 1.40997 0.0926915 0.334152 0.315674 0.101882 0.0713233 1.22583 0.0948548 0.281448 1.86004 0.0977288 0.49454 0.366966 0.372028
0.374560 1.43519 0.0949402 0.328959 1.49924 0.0894148 0.361179 0.00443423 0.00131326 0.000699543 1.29894 0.112776 0.300418 1.92851 0.0845841 0.523568 0.372028 0.377091
0.379622 0 0 0 0 0 0 0 0 0 0 0 0 0 0 0 0.377091 0.382154
0.384685 0 0 0 0 0 0 0 0 0 0 0 0 0 0 0 0.382154 0.387216
0.389747 0 0 0 0 0 0 0 0 0 0 0 0 0 0 0 0.387216 0.392278
0.394810 0 0 0 0 0 0 0 0 0 0 0 0 0 0 0 0.392278 0.397341
0.399872 0 0 0 0 0 0 0 0 0 0 0 0 0 0 0 0.397341 0.402404
0.404935 0 0 0 0 0 0 0 0 0 0 0 0 0 0 0 0.402404 0.407466
0.409997 0 0 0 0 0 0 0 0 0 0 0 0 0 0 0 0.407466 0.412529
0.415060 0 0 0 0 0 0 0 0 0 0 0 0 0 0 0 0.412529 0.417591
0.420122 0 0 0 0 0 0 0 0 0 0 0 0 0 0 0 0.417591 0.422653
0.425185 0 0 0 0 0 0 0 0 0 0 0 0 0 0 0 0.422653 0.427716
0.430247 0 0 0 0 0 0 0 0 0 0 0 0 0 0 0 0.427716 0.432779
0.435310 0 0 0 0 0 0 0 0 0 0 0 0 0 0 0 0.432779 0.437841
0.440372 0 0 0 0 0 0 0 0 0 0 0 0 0 0 0 0.437841 0.442903
0.445435 0 0 0 0 0 0 0 0 0 0 0 0 0 0 0 0.442903 0.447966
0.450497 0 0 0 0 0 0 0 0 0 0 0 0 0 0 0 0.447966 0.453029
0.455560 0 0 0 0 0 0 0 0 0 0 0 0 0 0 0 0.453029 0.458091
0.460622 0 0 0 0 0 0 0 0 0 0 0 0 0 0 0 0.458091 0.463154
0.465685 0 0 0 0 0 0 0 0 0 0 0 0 0 0 0 0.463154 0.468216
0.470747 0 0 0 0 0 0 0 0 0 0 0 0 0 0 0 0.468216 0.473278
0.475810 0 0 0 0 0 0 0 0 0 0 0 0 0 0 0 0.473278 0.478341
0.480872 0 0 0 0 0 0 0 0 0 0 0 0 0 0 0 0.478341 0.483404
0.485935 0 0 0 0 0 0 0 0 0 0 0 0 0 0 0 0.483404 0.488466
0.490997 0 0 0 0 0 0 0 0 0 0 0 0 0 0 0 0.488466 0.493528
0.496060 0 0 0 0 0 0 0 0 0 0 0 0 0 0 0 0.493528 0.498591
0.501122 0 0 0 0 0 0 0 0 0 0 0 0 0 0 0 0.498591 0.503654
0.506185 0 0 0 0 0 0 0 0 0 0 0 0 0 0 0 0.503654 0.508716
0.511247 0 0 0 0 0 0 0 0 0 0 0 0 0 0 0 0.508716 0.513778
0.516310 0 0 0 0 0 0 0 0 0 0 0 0 0 0 0 0.513778 0.518841
0.521372 0 0 0 0 0 0 0 0 0 0 0 0 0 0 0 0.518841 0.523903
0.526435 0 0 0 0 0 0 0 0 0 0 0 0 0 0 0 0.523903 0.528966
0.531497 0 0 0 0 0 0 0 0 0 0 0 0 0 0 0 0.528966 0.534029
0.536560 0 0 0 0 0 0 0 0 0 0 0 0 0 0 0 0.534029 0.539091
0.541622 0 0 0 0 0 0 0 0 0 0 0 0 0 0 0 0.539091 0.544153
0.546685 0 0 0 0 0 0 0 0 0 0 0 0 0 0 0 0.544153 0.549216
0.551747 0 0 0 0 0 0 0 0 0 0 0 0 0 0 0 0.549216 0.554278
0.556810 0 0 0 0 0 0 0 0 0 0 0 0 0 0 0 0.554278 0.559341
0.561872 0 0 0 0 0 0 0 0 0 0 0 0 0 0 0 0.559341 0.564404
0.566935 0 0 0 0 0 0 0 0 0 0 0 0 0 0 0 0.564404 0.569466
0.571997 0 0 0 0 0 0 0 0 0 0 0 0 0 0 0 0.569466 0.574528
0.577060 0 0 0 0 0 0 0 0 0 0 0 0 0 0 0 0.574528 0.579592
0.582123 0 0 0 0 0 0 0 0 0 0 0 0 0 0 0 0.579592 0.584654
0.587185 0 0 0 0 0 0 0 0 0 0 0 0 0 0 0 0.584654 0.589717
0.592248 0 0 0 0 0 0 0 0 0 0 0 0 0 0 0 0.589717 0.594779
0.597310 0 0 0 0 0 0 0 0 0 0 0 0 0 0 0 0.594779 0.599841
0.602373 0 0 0 0 0 0 0 0 0 0 0 0 0 0 0 0.599841 0.604904
0.607435 0 0 0 0 0 0 0 0 0 0 0 0 0 0 0 0.604904 0.609967
0.612498 0 0 0 0 0 0 0 0 0 0 0 0 0 0 0 0.609967 0.615029
0.617560 0 0 0 0 0 0 0 0 0 0 0 0 0 0 0 0.615029 0.620092
0.622623 0 0 0 0 0 0 0 0 0 0 0 0 0 0 0 0.620092 0.625154
0.627685 0 0 0 0 0 0 0 0 0 0 0 0 0 0 0 0.625154 0.630216
0.632748 0 0 0 0 0 0 0 0 0 0 0 0 0 0 0 0.630216 0.635279
0.637810 0 0 0 0 0 0 0 0 0 0 0 0 0 0 0 0.635279 0.640342
0.642873 0 0 0 0 0 0 0 0 0 0 0 0 0 0 0 0.640342 0.645404
0.647935 0 0 0 0 0 0 0 0 0 0 0 0 0 0 0 0.645404 0.650466
0.652998 0 0 0 0 0 0 0 0 0 0 0 0 0 0 0 0.650466 0.655529
0.658060 0 0 0 0 0 0 0 0 0 0 0 0 0 0 0 0.655529 0.660591
0.663123 0 0 0 0 0 0 0 0 0 0 0 0 0 0 0 0.660591 0.665654
0.668185 0 0 0 0 0 0 0 0 0 0 0 0 0 0 0 0.665654 0.670717
0.673248 0 0 0 0 0 0 0 0 0 0 0 0 0 0 0 0.670717 0.675779
0.678310 0 0 0 0 0 0 0 0 0 0 0 0 0 0 0 0.675779 0.680841
0.684006 0 0 0 0 0 0 0 0 0 0 0 0 0 0 0 0.680841 0.687170
0.690967 0 0 0 0 0 0 0 0 0 0 0 0 0 0 0 0.687170 0.694764
0.698560 0 0 0 0 0 0 0 0 0 0 0 0 0 0 0 0.694764 0.702357
0.706154 0 0 0 0 0 0 0 0 0 0 0 0 0 0 0 0.702357 0.709951
0.713748 0 0 0 0 0 0 0 0 0 0 0 0 0 0 0 0.709951 0.717545
0.721342 0 0 0 0 0 0 0 0 0 0 0 0 0 0 0 0.717545 0.725139
0.728935 0 0 0 0 0 0 0 0 0 0 0 0 0 0 0 0.725139 0.732732
0.736529 0 0 0 0 0 0 0 0 0 0 0 0 0 0 0 0.732732 0.740326
0.744123 0 0 0 0 0 0 0 0 0 0 0 0 0 0 0 0.740326 0.747920
0.751717 0 0 0 0 0 0 0 0 0 0 0 0 0 0 0 0.747920 0.755513
0.759310 0 0 0 0 0 0 0 0 0 0 0 0 0 0 0 0.755513 0.763107
0.766904 0 0 0 0 0 0 0 0 0 0 0 0 0 0 0 0.763107 0.770701
0.774498 0 0 0 0 0 0 0 0 0 0 0 0 0 0 0 0.770701 0.778295
0.782092 0 0 0 0 0 0 0 0 0 0 0 0 0 0 0 0.778295 0.785888
0.789685 0 0 0 0 0 0 0 0 0 0 0 0 0 0 0 0.785888 0.793482
0.797279 0 0 0 0 0 0 0 0 0 0 0 0 0 0 0 0.793482 0.801076
0.804873 0 0 0 0 0 0 0 0 0 0 0 0 0 0 0 0.801076 0.808670
0.812467 0 0 0 0 0 0 0 0 0 0 0 0 0 0 0 0.808670 0.816263
0.820060 0 0 0 0 0 0 0 0 0 0 0 0 0 0 0 0.816263 0.823857
0.827654 0 0 0 0 0 0 0 0 0 0 0 0 0 0 0 0.823857 0.831451
0.835248 0 0 0 0 0 0 0 0 0 0 0 0 0 0 0 0.831451 0.839045
0.842842 0 0 0 0 0 0 0 0 0 0 0 0 0 0 0 0.839045 0.846639
0.850435 0 0 0 0 0 0 0 0 0 0 0 0 0 0 0 0.846639 0.854232
0.858029 0 0 0 0 0 0 0 0 0 0 0 0 0 0 0 0.854232 0.861826
0.865623 0 0 0 0 0 0 0 0 0 0 0 0 0 0 0 0.861826 0.869420
0.873217 0 0 0 0 0 0 0 0 0 0 0 0 0 0 0 0.869420 0.877014
0.880810 0 0 0 0 0 0 0 0 0 0 0 0 0 0 0 0.877014 0.884607
0.888404 0 0 0 0 0 0 0 0 0 0 0 0 0 0 0 0.884607 0.892201
0.895998 0 0 0 0 0 0 0 0 0 0 0 0 0 0 0 0.892201 0.899795
0.903592 0 0 0 0 0 0 0 0 0 0 0 0 0 0 0 0.899795 0.907389
0.911185 0 0 0 0 0 0 0 0 0 0 0 0 0 0 0 0.907389 0.914982
0.918779 0 0 0 0 0 0 0 0 0 0 0 0 0 0 0 0.914982 0.922576
0.926373 0 0 0 0 0 0 0 0 0 0 0 0 0 0 0 0.922576 0.930170
0.933967 0 0 0 0 0 0 0 0 0 0 0 0 0 0 0 0.930170 0.937763
0.941560 0 0 0 0 0 0 0 0 0 0 0 0 0 0 0 0.937763 0.945357
0.949154 0 0 0 0 0 0 0 0 0 0 0 0 0 0 0 0.945357 0.952951
0.956748 0 0 0 0 0 0 0 0 0 0 0 0 0 0 0 0.952951 0.960545
0.964342 0 0 0 0 0 0 0 0 0 0 0 0 0 0 0 0.960545 0.968138
0.971935 0 0 0 0 0 0 0 0 0 0 0 0 0 0 0 0.968138 0.975732
0.979529 0 0 0 0 0 0 0 0 0 0 0 0 0 0 0 0.975732 0.983326
0.987123 0 0 0 0 0 0 0 0 0 0 0 0 0 0 0 0.983326 0.990920
0.994717 0 0 0 0 0 0 0 0 0 0 0 0 0 0 0 0.990920 0.998514
1.000412 0 0 0 0 0 0 0 0 0 0 0 0 0 0 0 0.998514 1.002310
